4.281432199478149236e+00 2.732895469665527433e+00
2.639450311660766602e+00 1.470272707939147994e+00
1.439744043350219771e+00 6.997607111930846946e-01
6.913796126842498557e-01 3.428319513797760121e-01
3.079833745956420676e-01 3.200327336788177379e-01
2.856263101100921520e-01 4.109272837638854869e-01
3.374352872371673695e-01 3.948056936264038308e-01
3.062918603420257679e-01 2.874069571495055930e-01
2.188605427742004450e-01 1.886469841003418080e-01
1.572572082281112615e-01 1.578171640634536688e-01
1.495495051145553644e-01 1.692591965198516901e-01
1.753942936658859364e-01 1.758743137121200617e-01
1.782868623733520619e-01 1.612843275070190430e-01
1.571239292621612604e-01 1.472983151674270574e-01
1.392881184816360529e-01 1.470793068408965953e-01
1.385746404528617748e-01 1.544509530067443848e-01
1.429569005966186412e-01 1.570543110370636042e-01
1.418036103248596080e-01 1.512031793594360296e-01
1.354980938136577662e-01 1.418387949466705378e-01
1.290875062346458491e-01 1.367718577384948730e-01
1.273608267307281550e-01 1.345652520656585582e-01
1.274836495518684443e-01 1.325278788805007990e-01
1.257428154349327087e-01 1.305163085460662731e-01
1.233580887317657498e-01 1.295660972595214788e-01
1.206919409334659549e-01 1.288164645433425848e-01
1.196078211069107056e-01 1.284523606300354004e-01
1.184066355228424045e-01 1.267570137977599987e-01
1.169929608702659635e-01 1.248708575963974055e-01
1.156161278486251831e-01 1.230309814214706476e-01
1.143869310617446899e-01 1.217135429382324163e-01
1.134577900171279963e-01 1.198835521936416626e-01
1.127545759081840515e-01 1.182160586118698176e-01
1.121631428599357549e-01 1.168324321508407565e-01
1.109550356864929255e-01 1.168354570865631076e-01
1.097281470894813510e-01 1.169578909873962430e-01
1.091588854789733859e-01 1.162104219198226984e-01
1.081080555915832492e-01 1.138524413108825684e-01
1.074191004037857028e-01 1.117880731821060125e-01
1.067315801978111212e-01 1.107776612043380737e-01
1.064276382327079828e-01 1.095436781644821139e-01
1.051105484366416931e-01 1.099001407623290960e-01
1.047457560896873502e-01 1.107409745454788208e-01
1.039156019687652588e-01 1.097202360630035456e-01
1.029893219470977839e-01 1.081207826733589228e-01
1.023470640182495145e-01 1.071204721927642850e-01
1.015607506036758367e-01 1.061729967594146756e-01
1.010230481624603271e-01 1.062343254685401972e-01
1.001825004816055270e-01 1.056909278035163824e-01
9.946656823158264715e-02 1.046536564826965332e-01
9.891170561313629428e-02 1.038097366690635681e-01
9.860737919807434360e-02 1.039815172553062439e-01
9.768831208348274786e-02 1.039507821202278193e-01
9.705766215920448581e-02 1.044008642435073908e-01
9.705532938241959173e-02 1.050907954573631342e-01
9.653961062431334894e-02 1.032492130994796808e-01
9.599672555923462192e-02 9.987215250730514804e-02
9.517301470041275580e-02 9.893350899219513495e-02
9.450325667858124057e-02 9.817464202642441073e-02
9.406433850526810247e-02 9.792471826076507013e-02
9.307031482458114069e-02 9.847169220447540838e-02
9.347021877765655795e-02 1.005303367972373990e-01
9.258001744747161588e-02 9.725989252328873236e-02
9.183654859662056247e-02 9.495105892419815341e-02
9.072925597429275235e-02 9.452910274267196933e-02
9.005605652928352911e-02 9.488316476345062811e-02
8.994615972042083185e-02 9.655506163835525513e-02
8.937210664153098783e-02 9.436721205711365301e-02
8.896803408861160556e-02 9.256163090467453558e-02
8.816562145948410312e-02 9.158273488283157071e-02
8.796209543943404874e-02 8.959579169750213345e-02
8.772991821169853766e-02 8.918710947036742609e-02
8.616062551736831943e-02 9.083243906497955045e-02
8.760702311992644986e-02 9.220529198646545965e-02
8.598435372114181241e-02 8.770504593849182129e-02
8.455360233783722201e-02 8.677530586719513217e-02
8.489002883434296209e-02 8.627143353223801214e-02
8.364778906106948297e-02 8.706372678279876431e-02
8.345252573490143100e-02 8.841396570205688199e-02
8.247256726026534757e-02 8.626334220170975287e-02
8.154557123780251104e-02 8.579270988702773770e-02
8.096604607999324799e-02 8.612887263298034390e-02
8.099408149719238004e-02 8.764774799346923551e-02
8.052040040493010919e-02 8.537189513444901068e-02
8.212838470935820978e-02 8.194125145673751553e-02
7.890988439321518222e-02 8.246841877698898871e-02
7.810985296964645386e-02 8.459668606519699097e-02
7.867315262556076605e-02 8.430561870336532315e-02
7.675815373659133911e-02 8.067878335714340210e-02
7.693211883306502741e-02 7.942688763141632358e-02
7.647140622138977328e-02 8.011878132820129950e-02
7.603174522519111356e-02 8.069162815809249878e-02
7.478516548871994019e-02 7.726438939571381170e-02
7.725144401192665655e-02 7.590695172548293790e-02
7.327603995800018033e-02 7.989178448915482122e-02
7.414949536323547918e-02 8.207126855850219171e-02
7.419094741344452182e-02 7.531615942716599066e-02
7.113580405712127686e-02 7.479890137910842618e-02
7.077753245830535611e-02 7.543832957744597834e-02
7.006071954965591153e-02 7.611362934112549106e-02
7.050368785858154852e-02 7.607363611459731778e-02
6.916898638010024469e-02 7.265731245279312411e-02
7.052342146635055820e-02 7.172397375106812079e-02
6.853640675544739325e-02 7.107905596494674960e-02
6.780424118041991632e-02 6.965527236461639682e-02
6.661347001791000089e-02 6.891449838876724521e-02
6.676806192845105570e-02 6.893049776554108221e-02
6.521873772144318182e-02 7.232651561498641690e-02
6.475555300712584894e-02 6.788936108350754339e-02
6.433684155344962519e-02 6.722839623689651212e-02
6.996685862541199286e-02 6.664884835481643677e-02
6.331246793270110806e-02 7.692097425460815707e-02
6.725537553429603022e-02 6.787143796682357233e-02
6.411224082112312872e-02 6.695933789014815729e-02
6.197155267000198364e-02 7.049056887626647949e-02
6.256307214498520175e-02 6.476976871490477961e-02
6.387365832924843390e-02 6.320910751819611151e-02
5.941052213311195235e-02 6.840483695268631537e-02
6.085820347070693831e-02 6.406673043966293335e-02
5.933153331279754361e-02 6.174839735031127652e-02
5.823732465505600253e-02 6.365706771612167358e-02
6.109456717967987061e-02 6.324979960918426791e-02
5.534983351826668063e-02 6.198356598615646640e-02
5.867993682622909407e-02 6.078985780477523526e-02
5.610678941011428694e-02 6.285321563482285101e-02
5.515488535165787021e-02 5.960405170917511264e-02
5.853066965937614441e-02 5.832974910736084262e-02
5.397116169333458086e-02 6.225703060626983781e-02
5.374815613031387607e-02 5.797132998704910417e-02
5.414508059620857378e-02 5.817973613739013672e-02
5.634758174419403354e-02 5.857387334108352800e-02
5.089716687798499783e-02 5.822996646165847640e-02
5.188355892896652499e-02 6.062421202659606934e-02
5.341398641467094699e-02 5.555839091539382935e-02
4.922883212566375732e-02 5.573741495609283586e-02
4.857116118073463717e-02 5.798299610614776611e-02
4.941553920507431308e-02 5.459533408284187456e-02
4.930190667510032931e-02 5.285998508334159574e-02
4.624226838350296159e-02 5.200095623731613298e-02
4.611041098833083829e-02 5.056166723370551785e-02
4.534290023148059706e-02 4.959744513034820834e-02
4.432197958230972568e-02 4.952243641018867770e-02
4.417802914977073808e-02 4.890483766794204851e-02
4.394500069320202151e-02 4.716510996222496310e-02
4.133733063936233243e-02 4.647473990917205811e-02
4.098250418901443204e-02 4.599953666329383711e-02
4.214760065078735490e-02 4.910378009080886702e-02
4.466425776481628557e-02 4.537009969353675981e-02
3.864602595567703108e-02 5.432507097721099576e-02
4.621217474341392240e-02 5.986410379409790039e-02
4.881824068725108823e-02 4.985126554965972623e-02
4.088158048689365109e-02 4.753481671214103421e-02
3.844714350998401642e-02 3.939456492662429810e-02
3.911082148551940640e-02 4.153765216469764571e-02
3.671152517199516296e-02 4.052487984299659590e-02
3.780899122357368747e-02 4.471602439880371233e-02
4.268740713596343855e-02 4.375487267971038541e-02
3.977105095982551297e-02 3.864021524786949435e-02
4.488427266478538236e-02 6.794007122516632080e-02
5.614729747176170488e-02 4.132405966520309726e-02
4.476836472749710222e-02 4.429322034120559970e-02
4.140333235263824602e-02 7.610853612422943670e-02
4.730243235826492310e-02 4.995526522397995134e-02
4.452373757958412448e-02 3.558031544089317044e-02
5.517790541052818021e-02 3.407560810446739336e-02
4.249379932880401750e-02 6.289358139038085660e-02
5.063642412424087386e-02 7.695705294609070379e-02
8.342608958482741754e-02 5.229621827602386197e-02
5.366364941000938138e-02 9.110065549612045288e-02
7.776261568069457730e-02 4.803573265671730319e-02
5.430898964405059953e-02 8.289975225925445834e-02
6.215754523873329163e-02 4.330257922410964827e-02
3.991402164101600508e-02 5.506811961531639377e-02
5.260381698608398299e-02 4.263087585568427901e-02
3.818295467644929747e-02 4.347936511039733609e-02
4.224074110388755660e-02 4.334492310881614408e-02
3.788705468177795688e-02 3.739905953407287459e-02
3.866161331534385959e-02 3.821862488985061646e-02
3.380193486809730807e-02 5.173406004905700684e-02
3.972007576376199861e-02 5.210064053535461148e-02
3.782527893781661987e-02 4.075542241334915300e-02
3.562678620219230513e-02 3.801008462905883928e-02
3.343090191483497758e-02 3.441324755549431125e-02
3.217627555131911954e-02 2.983759567141532759e-02
3.095736727118492126e-02 3.003003373742103507e-02
3.001172356307506631e-02 2.875570431351661543e-02
3.035557568073272636e-02 2.960309758782386780e-02
3.064542580395936827e-02 4.615276753902435025e-02
3.190563917160034457e-02 3.004463464021682809e-02
2.984388358891010284e-02 3.624170273542404175e-02
2.946454398334026267e-02 3.493728041648865024e-02
3.021499998867511680e-02 4.295212030410766602e-02
2.737660109996795793e-02 3.010384589433669905e-02
3.224891610443592072e-02 2.575890123844146867e-02
2.498732544481754164e-02 4.247520267963409563e-02
2.813455332070589204e-02 2.315385378897190025e-02
2.521308325231075287e-02 2.347189001739025116e-02
2.268033605068921904e-02 3.922923505306243758e-02
2.591365575790405273e-02 2.780467495322227339e-02
2.442861720919609070e-02 3.382765054702759067e-02
2.916973829269409180e-02 3.262003064155578891e-02
2.579373717308044295e-02 3.296061307191848477e-02
2.322206278331577847e-02 4.795509278774261197e-02
3.301981240510940691e-02 2.835717499256134103e-02
2.374699153006076813e-02 2.985155284404754708e-02
2.553682252764701704e-02 2.899745702743530135e-02
2.401936501264572213e-02 1.917471997439861367e-02
2.089246623218059609e-02 3.203305155038833896e-02
2.251275554299354484e-02 2.176264934241771767e-02
2.147859595715999673e-02 1.908362992107868333e-02
2.025550156831741264e-02 1.897905059158801894e-02
2.074051350355148385e-02 2.131965495645999839e-02
2.018251866102218489e-02 1.716987304389476846e-02
1.955843158066272736e-02 1.985946968197822501e-02
1.959449872374534676e-02 1.696376577019691537e-02
1.931147873401641707e-02 2.334135398268699646e-02
1.918244436383247445e-02 2.391071468591689925e-02
1.907016113400459428e-02 2.187144272029399941e-02
1.873146258294582436e-02 1.619646996259689262e-02
1.842715553939342638e-02 1.533608846366405452e-02
1.828245297074317793e-02 2.104708328843116899e-02
1.849113386124372552e-02 1.544797085225582157e-02
1.789097189903259347e-02 1.561523601412773132e-02
1.790672112256288390e-02 1.864133216440677643e-02
1.773348413407802721e-02 2.706304937601089478e-02
1.889270395040511946e-02 2.806905955076217582e-02
1.911714095622301171e-02 2.237630411982536455e-02
1.909947227686643531e-02 2.610905393958091666e-02
1.929926616139709949e-02 2.743668630719185014e-02
2.645201459527015547e-02 4.212154686450958474e-01
8.813787288963795263e-02 9.495533108711243231e-02
1.033642038702964755e-01 3.776912987232208113e-02
5.871189236640930037e-02 8.417492806911468228e-02
5.485965609550476352e-02 4.606189727783203264e-02
5.341560617089271407e-02 6.307135522365570068e-02
4.006128832697868070e-02 4.283859580755233765e-02
4.253409095108508925e-02 5.356051772832870483e-02
4.036769047379493852e-02 3.434803634881973544e-02
3.605971299111843109e-02 3.721001558005809784e-02
3.187979273498058042e-02 2.968696877360343933e-02
2.536547034978866438e-02 3.848232924938201766e-02
3.098039664328098436e-02 2.297336906194686820e-02
2.296759970486163954e-02 3.751793503761291504e-02
2.446652278304100106e-02 2.931507647037506215e-01
2.420859411358833313e-02 2.773778069764375465e-01
2.289160974323749612e-02 3.034751564264297555e-02
2.178565468639135499e-02 3.792250901460647583e-02
2.502411641180515151e-02 2.932653129100799491e-02
2.059148587286472459e-02 2.735625654458999703e-02
2.233217209577560355e-02 2.703081518411636422e-02
2.115659527480602195e-02 3.213091045618057112e-02
1.998201422393321852e-02 2.451189666986465510e-01
2.191442362964153220e-02 2.799479439854622026e-02
2.230127863585949083e-02 3.347643017768860141e-02
1.874289587140083244e-02 2.640039384365081565e-01
2.436166889965534280e-02 3.594125360250473300e-02
1.966632045805454324e-02 3.194125145673751970e-02
1.867912784218788216e-02 2.646287307143211504e-02
2.081622481346130302e-02 1.691040061414241652e-02
1.938392706215381553e-02 3.617140203714371005e-02
2.296436373144388268e-02 2.193227112293243478e-02
2.344053462147712569e-02 1.880260631442070077e-02
1.997914128005504747e-02 2.680585607886314461e-02
1.956069022417068412e-02 2.603817831724882237e-01
1.933690542355179925e-02 3.877854645252228061e-02
1.947267912328243256e-02 6.401868760585785467e-02
1.742103118449449609e-02 2.264574542641639709e-02
1.774855218827724526e-02 2.115360051393509050e-02
1.694355076178908487e-02 2.251477763056754927e-02
1.691060736775398116e-02 1.288353716954588890e-01
1.701230984181165834e-02 3.791935890913009782e-02
1.669610068202018877e-02 2.388706207275390764e-02
1.611893884837627480e-02 1.634200289845466614e-02
1.591529548168182234e-02 1.785789355635642936e-02
1.574164405465126176e-02 1.689292341470718245e-02
1.561496453359723091e-02 1.711706370115280082e-02
1.501131784170866082e-02 1.769722104072570662e-02
1.584664024412631850e-02 1.824699416756630013e-02
1.473208069801330497e-02 1.862038597464561393e-02
1.463202759623527527e-02 1.693357974290847848e-02
1.444014720618724823e-02 1.756609901785850456e-02
1.426522862166166271e-02 1.880480647087097099e-02
1.414377009496092796e-02 1.889598518610000749e-02
1.386845707893371617e-02 1.983557119965553145e-02
1.349295116961002350e-02 3.131040744483470917e-02
1.514327134937048028e-02 2.056980282068252702e-02
1.403666771948337486e-02 1.144610628485679682e-01
1.737424712628126214e-02 2.023244202136993339e-02
1.428991369903087616e-02 1.248310729861259495e-02
1.429106779396533897e-02 2.245274484157562186e-02
2.188788484781980376e-02 2.730525895953178628e-01
4.037812620401382557e-01 4.495987445116043230e-02
4.269616454839706560e-02 1.201863557100295993e-01
8.145719096064567288e-02 5.716732591390609464e-02
6.250327453017234802e-02 7.238464429974555969e-02
5.565687343478202542e-02 5.148525387048721175e-02
5.827934816479683061e-02 6.295114085078239163e-02
5.259633772075176378e-02 4.096876978874206682e-02
3.919997029006481309e-02 4.436111897230148038e-02
3.985115960240363797e-02 3.720913529396056851e-02
3.456334974616766254e-02 3.938016928732394895e-02
3.768816068768501143e-02 3.541823104023933411e-02
3.171458356082439145e-02 3.993961885571480075e-02
3.193535171449184140e-02 3.897847384214401384e-02
2.882626038044690947e-02 3.140122033655643602e-02
2.799447709694504599e-02 4.000216275453567782e-02
2.807245813310146193e-02 3.062647879123687675e-02
2.459506131708621979e-02 3.258907869458198270e-02
2.561901304870843957e-02 3.156859353184700290e-02
2.347068209201097488e-02 2.729181051254272322e-02
2.301575690507888863e-02 2.713179998099803786e-02
2.273002527654171059e-02 3.490331023931503296e-02
2.313810121268033981e-02 2.268585152924060960e-02
2.097658254206180573e-02 3.402434885501861433e-02
2.125011645257473061e-02 2.212058119475841453e-02
2.008840925991535117e-02 2.579212412238120894e-02
1.963244006037712097e-02 3.137378543615341325e-02
2.088742395862936904e-02 3.400137871503829817e-02
1.991437487304210593e-02 3.028469681739807268e-02
1.893468387424945831e-02 2.833800017833709717e-02
1.775947175920009752e-02 2.650462985038757463e-02
1.730845691636204858e-02 2.515956088900566170e-02
1.667802054435014655e-02 2.387227714061736922e-02
1.662494391202926775e-02 2.413937821984291077e-02
1.612847968935966422e-02 2.270689755678177019e-02
1.579304188489914079e-02 2.075346782803535323e-02
1.539680720889009466e-02 1.815479993820190430e-02
1.526257432997226750e-02 1.950736418366432259e-02
1.491573508828878368e-02 2.000597864389419556e-02
1.485327426344156335e-02 1.881786510348320077e-02
1.437715068459510803e-02 1.671280264854431083e-02
1.429217457771301235e-02 1.831347495317459106e-02
1.446777880191802909e-02 1.876621544361114363e-02
1.379275768995285104e-02 1.338188871741294826e-02
1.442633662372827530e-02 1.786828264594077925e-02
1.378701366484165122e-02 1.752859503030777116e-02
1.360318996012210846e-02 1.404495127499103511e-02
1.299517676234245370e-02 1.879764646291732719e-02
1.326022185385227273e-02 1.020204350352287362e-02
1.345049401279538835e-02 1.420957967638969421e-02
1.273677051067352226e-02 1.458910629153251613e-02
1.256998386234045063e-02 1.582327410578727653e-02
1.237790677696466377e-02 1.139736566692590644e-02
1.317060776054859196e-02 1.693136990070343018e-02
1.313989432528614963e-02 1.083081346005201374e-02
1.293832100927829777e-02 1.951869949698448181e-02
1.317865615710616181e-02 1.206074282526969910e-02
1.395106483250856469e-02 1.622514575719833513e-02
1.248366143554449116e-02 1.648609563708305220e-02
1.723978370428085397e-02 2.698909342288970808e-02
1.772251836955547263e-02 1.595823876559734206e-02
1.468101814389228751e-02 3.062162324786186357e-02
2.155509688891470502e-02 6.123849302530288974e-02
2.887673694640397956e-02 3.918745666742325107e-02
2.225863859057426383e-02 2.965594977140426775e-02
2.361377589404583047e-02 1.193684861063957180e-02
1.429222412407398293e-02 2.253940477967262407e-02
1.491566710174083675e-02 2.965523973107337882e-02
2.115244977176189423e-02 1.278640963137149880e-02
1.442721579223871231e-02 1.972966343164444039e-02
1.343723144382238423e-02 1.696687713265419145e-02
1.370446793735027348e-02 1.871806904673576494e-02
1.354415440000593732e-02 1.632501855492591789e-02
1.277445638552308048e-02 1.359214931726455619e-02
1.297029014676809311e-02 1.828307509422302107e-02
1.349877864122390678e-02 1.532414965331554448e-02
1.445287596434354817e-02 2.061399519443512032e-02
1.343502905219793285e-02 2.142036408185958932e-02
1.423345804214477470e-02 1.645180620253085951e-02
1.361672356724739040e-02 1.778556406497955322e-02
1.264958176761865616e-02 1.605713386088609626e-02
1.296349707990884781e-02 1.612729243934154372e-02
1.265272777527570724e-02 2.135384604334831377e-02
1.386087797582149540e-02 4.222339764237403870e-02
3.560800403356552402e-02 3.870538026094436784e-02
2.152807675302028517e-02 6.354633271694183627e-02
2.942465483210980962e-02 3.369903415441512923e-02
3.344985470175743103e-02 2.797743305563926697e-02
1.871981769800186088e-02 4.265740513801574707e-02
2.966518523171544214e-02 1.687381826341152052e-02
1.697402223944664140e-02 2.664572596549987654e-02
2.188899498432874541e-02 1.576297618448734353e-02
1.623314488679170747e-02 2.858011871576309273e-02
1.801738776266574929e-02 2.812957484275102615e-02
1.522249542176723480e-02 5.093896389007568359e-02
1.513375155627727509e-02 2.922619655728340288e-02
1.385382805019617046e-02 1.786511465907096932e-02
1.332969944924116204e-02 1.413711216300725902e-02
1.291255289688706363e-02 1.529343649744987522e-02
1.288886722177267144e-02 1.675974056124687056e-02
1.260860310867428780e-02 1.025475915521383355e-02
1.235624514520168235e-02 1.017177980393171345e-02
1.204767022281885182e-02 1.276916973292827572e-02
1.183141573565080727e-02 1.344616226851940224e-02
1.172120720148086583e-02 1.524330377578735421e-02
1.139200641773641109e-02 1.691275238990783830e-02
1.143317837268114159e-02 1.504227630794048240e-02
1.164938360452652012e-02 1.361921578645706142e-02
1.142708770930767059e-02 1.640301495790481498e-02
1.084349183365702560e-02 1.233015991747379338e-02
1.095912847667932476e-02 1.281652860343456338e-02
1.070209434255957673e-02 1.422797814011573722e-02
1.027460582554340363e-02 1.248074583709240029e-02
1.036640955135226250e-02 1.466650217771530221e-02
1.041033938527107308e-02 1.296834796667098964e-02
1.289069317281246220e-02 1.152236685156822135e-02
1.223615277558565140e-02 1.817712336778640886e-02
1.181411910802126000e-02 1.755413040518760681e-02
1.338002048432826961e-02 3.255347013473510603e-02
2.612027768045663972e-02 7.668228745460510531e-02
4.768769107758998732e-02 1.997464671730995317e-02
2.231635041534900735e-02 7.922736406326294500e-02
5.337662100791931014e-02 3.422529697418212613e-02
3.669047579169273238e-02 3.370919451117515564e-02
2.344447951763868263e-02 2.977101355791091780e-02
3.058312572538852622e-02 2.161212153732776711e-02
1.733124069869518280e-02 1.858556419610977312e-02
1.787056885659694602e-02 2.098707333207130293e-02
1.540082860738039086e-02 2.983751744031905989e-02
1.614012084901332925e-02 4.050601050257682939e-02
4.131119605153799057e-02 1.616801261901855413e-01
1.631330192089080755e-01 1.734999716281890869e-01
1.215516567230224554e-01 1.347793340682983398e-01
1.460755109786987249e-01 1.399869561195373480e-01
1.389961838722229004e-01 1.046212553977966253e-01
9.629688262939453680e-02 1.259820297360420283e-01
1.167967170476913452e-01 1.132361501455307062e-01
9.633628651499748230e-02 9.803899973630905706e-02
9.271305650472641546e-02 9.585531651973724920e-02
8.829513937234878540e-02 1.017160147428512601e-01
8.472213633358478824e-02 1.056785061955451965e-01
8.368904590606689176e-02 9.442368298768996637e-02
8.242307826876640875e-02 9.051945209503173273e-02
7.711573988199234286e-02 9.154252260923385898e-02
7.478616721928119104e-02 9.372521042823792059e-02
7.566769272089005072e-02 9.337234795093536655e-02
7.277995496988295954e-02 8.816649913787841242e-02
7.317059636116027277e-02 8.785047680139541904e-02
7.468478865921497623e-02 8.695203512907027921e-02
7.043621987104416171e-02 9.344255924224853516e-02
7.389502972364425659e-02 8.993363827466964444e-02
7.212408110499382574e-02 8.403763175010681152e-02
7.224988080561160764e-02 8.355171084403992254e-02
7.369497641921043951e-02 8.890317231416702826e-02
6.887025386095046997e-02 8.254082202911376676e-02
6.908657550811767023e-02 8.249561935663222989e-02
7.060592472553253729e-02 8.303925842046737393e-02
6.758812572807074148e-02 8.368700891733169001e-02
6.819664724171162207e-02 8.531623184680939276e-02
6.781954467296599787e-02 8.250669687986374179e-02
6.775185391306877414e-02 8.088485449552536288e-02
6.776671558618545255e-02 8.159326761960983276e-02
6.635103765875101367e-02 8.364703804254532138e-02
6.703451722860336026e-02 8.154419809579849243e-02
6.654812097549438199e-02 7.881592065095902044e-02
6.633682250976562222e-02 7.856132388114929477e-02
6.612088382244110663e-02 8.151946961879730225e-02
6.537289544939994812e-02 7.928272932767868597e-02
6.503506302833557406e-02 7.795113474130629938e-02
6.478438153862953186e-02 7.954813390970230658e-02
6.470601707696914395e-02 8.265348970890044888e-02
6.489108875393867493e-02 7.845460176467895785e-02
6.352872848510741910e-02 7.719075605273247043e-02
6.508560404181480685e-02 7.760473638772964755e-02
6.140259280800819397e-02 8.631362468004226407e-02
7.049346193671227057e-02 8.254368901252746860e-02
6.708125919103621881e-02 7.688065841794014532e-02
6.480192579329013824e-02 7.638680487871170322e-02
6.317371036857366562e-02 8.339711576700210849e-02
6.602897122502326965e-02 7.856947034597397406e-02
6.284646503627300262e-02 7.535346522927284518e-02
6.317666620016097745e-02 7.577588707208633700e-02
6.239542216062545638e-02 7.667391598224640448e-02
6.132413744926452914e-02 7.417519986629486639e-02
6.095201298594474931e-02 7.439701408147811335e-02
6.090707331895828247e-02 7.508310824632644098e-02
6.167822927236556868e-02 7.443517595529555719e-02
6.021060049533843994e-02 7.350611910223961432e-02
5.984416604042053223e-02 7.285979390144348145e-02
6.042228788137436052e-02 7.285395264625549316e-02
6.130990609526634078e-02 7.252699285745620172e-02
6.282788664102553766e-02 7.342129349708556574e-02
5.865957587957382202e-02 7.159738764166831415e-02
6.044779866933822771e-02 7.132155001163482944e-02
6.021064333617687225e-02 7.112936824560164850e-02
5.899769589304924150e-02 7.681021392345428744e-02
6.006546393036842069e-02 7.178690209984779635e-02
5.847189128398895541e-02 7.043670043349266330e-02
5.991057492792606354e-02 7.099589258432388583e-02
5.977631360292434692e-02 7.856381982564926425e-02
6.068133935332298279e-02 7.054828032851219455e-02
5.770750045776366910e-02 7.234475761651992798e-02
6.191682815551757812e-02 6.941622644662856501e-02
5.688095092773437500e-02 7.172595113515853327e-02
5.707405842840671678e-02 7.052843272686004639e-02
5.692951008677482605e-02 6.961948499083518704e-02
5.478423386812210361e-02 6.923215985298156183e-02
5.817762762308120728e-02 6.915141418576239984e-02
5.571839846670627316e-02 7.289216965436935702e-02
5.798078812658787051e-02 7.025972381234169006e-02
5.496465563774109025e-02 6.742911115288734158e-02
5.742084980010986328e-02 6.711660847067832392e-02
5.627087950706481656e-02 7.385741472244262973e-02
5.777525808662176132e-02 6.778304353356361112e-02
5.486564785242080411e-02 6.687201932072639465e-02
5.652268901467323581e-02 6.684185788035393316e-02
5.481127947568893710e-02 7.121196091175079068e-02
5.678201075643300733e-02 6.588267311453818720e-02
5.502465553581714630e-02 6.549204885959625244e-02
5.314064770936965942e-02 6.690770834684371671e-02
5.539652332663536072e-02 6.652272641658782404e-02
5.572502464056015153e-02 6.477337852120398920e-02
5.344914272427558899e-02 6.690134555101394376e-02
5.472684055566787859e-02 6.542961969971657077e-02
5.119113549590111056e-02 6.504559814929962436e-02
5.717162713408470431e-02 6.354406923055648526e-02
5.421078801155090193e-02 6.731727868318557184e-02
5.251420065760612627e-02 6.335054636001587192e-02
5.348163545131683072e-02 6.426342502236366550e-02
5.151036940515041351e-02 6.420646682381629666e-02
5.246771275997162004e-02 6.627868339419365484e-02
5.265187844634056091e-02 6.305937319993973333e-02
5.089229643344879428e-02 6.264097765088080805e-02
5.118821263313293179e-02 6.496355086565017145e-02
5.062547326087951660e-02 6.167438551783561984e-02
4.934624210000038147e-02 6.148779094219207486e-02
5.106713809072971344e-02 6.115672737360000610e-02
5.074165761470794678e-02 6.285397112369536798e-02
4.912419654428958754e-02 6.067019701004028320e-02
5.293792635202407976e-02 6.230016201734542985e-02
5.180923342704772672e-02 5.981713384389877181e-02
4.825478456914424757e-02 5.969836041331291060e-02
4.869816545397043228e-02 5.910262167453765592e-02
4.776501432061195512e-02 5.853074416518211365e-02
4.947666786611080308e-02 5.854715704917907992e-02
4.721677750349044522e-02 6.165530830621719638e-02
4.802804253995418549e-02 5.836169943213462968e-02
5.077205151319504062e-02 6.097779646515846114e-02
4.846414625644683560e-02 6.103884354233742038e-02
4.855876509100198746e-02 5.798842087388038358e-02
4.574160352349281033e-02 5.774276554584503035e-02
4.625057242810726166e-02 5.700932219624519487e-02
4.500332251191139360e-02 5.920542255043983321e-02
4.508338570594787320e-02 5.719596520066261292e-02
4.624346047639846941e-02 5.774332731962204118e-02
4.445716030895709853e-02 5.748994573950767795e-02
4.551907815039157867e-02 5.556167960166931430e-02
4.440299104899168153e-02 5.560067966580391208e-02
4.445623978972434998e-02 5.526365190744399886e-02
4.305913411080837527e-02 5.524090975522995273e-02
4.254486709833145419e-02 5.499452352523803711e-02
4.274628423154354373e-02 5.513916984200477323e-02
4.441028796136379381e-02 5.472673028707504550e-02
4.389959052205085616e-02 5.555496141314506670e-02
4.246925637125968656e-02 5.507260188460350037e-02
4.188537746667862077e-02 5.294556692242622514e-02
4.235055148601531844e-02 5.367912799119949063e-02
4.066421315073966841e-02 5.434933006763457974e-02
4.110348485410213193e-02 5.263781920075416565e-02
4.124997146427631517e-02 5.223762691020965299e-02
3.969524968415498456e-02 5.729831606149673323e-02
4.203613586723804751e-02 5.165999382734298706e-02
3.977787867188453674e-02 5.095587372779845914e-02
3.903704397380351743e-02 5.427715629339217862e-02
3.923043906688690463e-02 5.165988281369209012e-02
3.937363885343074521e-02 4.949287101626396318e-02
4.116095565259456773e-02 4.913093075156212131e-02
3.975015543401241164e-02 5.216718316078185896e-02
3.936222977936267714e-02 5.730925947427749356e-02
3.960810974240303040e-02 4.987020492553710660e-02
3.750954270362853726e-02 5.071916356682777682e-02
3.728770837187767029e-02 5.129812732338905057e-02
3.730151429772377014e-02 4.842764213681220731e-02
3.539727404713630815e-02 4.699129685759544095e-02
3.540617004036903520e-02 4.679548814892768582e-02
3.446017690002918521e-02 4.653014093637466292e-02
3.445845879614353041e-02 4.703469872474670688e-02
3.425696529448032240e-02 5.110407620668411255e-02
3.785214945673942566e-02 4.583982899785041948e-02
3.291540816426277022e-02 4.531878307461738309e-02
3.349468745291232785e-02 5.098890736699104170e-02
3.410070016980171204e-02 4.595304131507873396e-02
3.393366485834121982e-02 4.946640580892562589e-02
3.699103258550166806e-02 4.508095458149909834e-02
3.214683979749679427e-02 4.536809474229812345e-02
2.990931831300258636e-02 4.655190333724022050e-02
3.638374507427215299e-02 6.218698918819427768e-02
3.844369240105151991e-02 5.811793953180312972e-02
4.239169508218765259e-02 4.587943553924560269e-02
4.188406318426132063e-02 6.470510959625244696e-02
3.739588707685470581e-02 5.187491402029990872e-02
3.639338724315166473e-02 6.277684271335601252e-02
3.816571980714798112e-02 6.015855520963668546e-02
3.571845367550850053e-02 4.472834691405296048e-02
3.097727708518505096e-02 3.999122157692909518e-02
2.861731834709644456e-02 5.095536857843398909e-02
3.174609802663326541e-02 4.230916500091552734e-02
3.027067892253398895e-02 4.092216491699218750e-02
2.685985192656516890e-02 4.124249815940857211e-02
2.653348147869110177e-02 4.335973113775253018e-02
2.525722049176692963e-02 3.572762981057166914e-02
2.322541102766990592e-02 3.522976413369179050e-02
2.579153664410114427e-02 7.147820293903350830e-02
4.505769982933997830e-02 5.784030109643936018e-02
4.207660257816314697e-02 6.722197458148002069e-02
4.533838033676147738e-02 5.725994408130645474e-02
4.270092621445655684e-02 5.794389098882675448e-02
3.404810540378093442e-02 5.902850776910781999e-02
4.385305345058441301e-02 4.996694251894950867e-02
3.649803213775158067e-02 4.735886603593826572e-02
4.313804805278777937e-02 4.437109082937240601e-02
3.439320996403694153e-02 5.626004785299301009e-02
3.898501470685004910e-02 4.155420251190662662e-02
3.651374112814664841e-02 4.548947662115097185e-02
3.613356761634349545e-02 5.215225815773009976e-02
3.382180705666541776e-02 4.161239415407180786e-02
3.470735438168048859e-02 3.919508382678031644e-02
3.134845755994319916e-02 5.981335043907165527e-02
3.770228372886776785e-02 4.244587719440460344e-02
3.477673325687646866e-02 4.210062921047210555e-02
3.187017366290092329e-02 5.337504372000693997e-02
3.333470057696104327e-02 3.730967752635479251e-02
3.373955935239791870e-02 3.827026151120662550e-02
3.104680404067039490e-02 5.093081817030906816e-02
2.910354770720004897e-02 4.247531294822692871e-02
3.047541603446006844e-02 4.470778256654739380e-02
2.946482412517070770e-02 3.932435400784015794e-02
2.932567484676838060e-02 3.783804662525654117e-02
3.026471920311451028e-02 4.783783406019211093e-02
2.922639660537242751e-02 4.723742678761481961e-02
2.750046206638217042e-02 5.087077617645263672e-02
3.521996214985847334e-02 4.134951159358024597e-02
3.731462974101305147e-02 6.068575233221053938e-02
2.867847783491015573e-02 5.330272465944289884e-02
3.124477677047252794e-02 3.696485422551631927e-02
2.541579715907573561e-02 3.839715123176574985e-02
2.494265772402286599e-02 4.456038773059844971e-02
2.553827874362468719e-02 4.566595852375030656e-02
2.711592800915241241e-02 4.490595161914825301e-02
2.425554431974887709e-02 4.915502220392227450e-02
2.816717550158500533e-02 4.303334802389145036e-02
2.791153937578201225e-02 4.280399382114410262e-02
2.531086020171642234e-02 5.089654624462127547e-02
2.563437037169933458e-02 4.696022570133209090e-02
2.913272380828857422e-02 4.552588313817977628e-02
2.494981475174427171e-02 5.124749988317489624e-02
2.623173184692859788e-02 5.061757564544677734e-02
2.789634615182876726e-02 5.149933248758316318e-02
2.817968074232339928e-02 4.124218523502350131e-02
2.220266303047537665e-02 3.797291964292526245e-02
2.203282229602336953e-02 3.934261798858642439e-02
2.172979190945625166e-02 3.222993314266205112e-02
2.368534430861473153e-02 5.761349499225616733e-02
2.466101087629795144e-02 5.930718779563903809e-02
3.337180428206920624e-02 2.491433303803205351e-02
2.401565462350845406e-02 3.956948220729827881e-02
2.917988132685422897e-02 4.036221504211425642e-02
2.182114385068416665e-02 3.238142170011996945e-02
2.212020792067050795e-02 4.873324483633041659e-02
5.275579094886780063e-02 3.507306724786758700e-02
7.940658107399940768e-02 3.763619363307953158e-02
3.637440484017133435e-02 7.937179505825042725e-02
4.753527482971549312e-02 4.226326420903205733e-02
3.300113603472709656e-02 5.170560479164123396e-02
2.780218161642551353e-02 6.732304692268371860e-02
4.926290437579154691e-02 5.233892351388931552e-02
2.735668942332267900e-02 4.277783706784248074e-02
2.742834351956844469e-02 4.440983384847640991e-02
2.561373412609100481e-02 3.624187335371971408e-02
2.415626291185617516e-02 4.217675328254699707e-02
2.458438891917467256e-02 4.237487018108367781e-02
2.182994335889816215e-02 2.720053903758525710e-02
2.487841919064521720e-02 4.145994782447814941e-02
2.147615551948547225e-02 3.592165559530258179e-02
2.326426934450864792e-02 3.470370844006538669e-02
1.993570458143949578e-02 2.977033704519271851e-02
2.123281396925449233e-02 3.448987454175948819e-02
1.960128769278526167e-02 2.976469025015831063e-02
1.946585103869438033e-02 2.138419263064861298e-02
1.964934449642896652e-02 2.496793270111084123e-02
1.797329010441899369e-02 4.842841476202010970e-02
2.598228082060814043e-02 3.249156996607780595e-02
2.329282686114311079e-02 2.672504708170890877e-02
1.938542556017637183e-02 2.653224095702171395e-02
1.912851594388485094e-02 3.450533300638199130e-02
1.980380602180957864e-02 3.500136733055114746e-02
1.932222675532102585e-02 2.951771765947341919e-02
1.779161375015974114e-02 3.567915856838226041e-02
1.960431728512048583e-02 3.321654945611953597e-02
1.769196800887584686e-02 3.088380992412567000e-02
1.785604245960712572e-02 3.051437884569168160e-02
1.643156055361032555e-02 2.854135632514953613e-02
1.689000781625509331e-02 1.933717504143715044e-02
1.618920248001813958e-02 3.258683234453201016e-02
2.024322333745658467e-02 2.233284637331962516e-02
1.564352153800428052e-02 3.463658541440963606e-02
1.930904323235154221e-02 2.841231077909469466e-02
1.717383973300457001e-02 1.801520176231861253e-02
1.665539927780628274e-02 2.104453891515731950e-02
1.593491612002253394e-02 3.044693917036056519e-02
1.655126949772238801e-02 1.940505802631378035e-02
1.604201290756463935e-02 2.232365161180496077e-02
1.595753394067287584e-02 3.051216453313827445e-02
1.547946557402610744e-02 2.354463115334510734e-02
1.774360276758670668e-02 2.260385975241661211e-02
2.363822124898433755e-02 2.057768106460571358e-02
3.679511696100234985e-02 3.565232753753662387e-02
2.097942270338535448e-02 6.979050040245056430e-02
3.767510987818241397e-02 3.385425657033920566e-02
4.088230878114700040e-02 5.327567458152770996e-02
3.031624294817447662e-02 3.125292733311653415e-02
3.020333442836999754e-02 2.531201988458633284e-02
2.378919739276170661e-02 3.076086491346359184e-02
2.061566710472106934e-02 2.165677770972251892e-02
1.769238524138927460e-02 2.787575423717498710e-02
1.940705664455890517e-02 2.112873420119285722e-02
2.129560858011245866e-02 2.514977976679801802e-02
1.940814107656478951e-02 4.627795666456222673e-02
2.771588843315839906e-02 3.201600313186645647e-02
2.050105929374694894e-02 4.111835956573486189e-02
2.401288673281669686e-02 3.247973024845123013e-02
2.256983332335948944e-02 3.030696213245391915e-02
2.001374503597617288e-02 3.543259501457214633e-02
2.260378412902355055e-02 2.863519936800002982e-02
1.763715418055653711e-02 3.600223660469055453e-02
1.718660853803157668e-02 2.910525053739547799e-02
1.700555831193923881e-02 2.131016291677951743e-02
1.658469159156084061e-02 1.803772859275341173e-02
1.456762766465544666e-02 3.134340122342109403e-02
1.669051749631762435e-02 2.526574507355689933e-02
1.480998545885086129e-02 2.492001503705978255e-02
1.454311376437544823e-02 2.796634659171104431e-02
1.459702458232641289e-02 2.383511289954185625e-02
1.670208349823951860e-02 1.484565250575542450e-02
1.411177990958094666e-02 3.043246716260910104e-02
1.574729196727275848e-02 2.594386562705040117e-02
1.440503168851137161e-02 2.166357859969138960e-02
1.355648227035999298e-02 2.032540962100028853e-02
1.301655624993145431e-02 1.750797480344772408e-02
1.470651552081108163e-02 2.206965312361717363e-02
1.396957524120807578e-02 2.325959056615829398e-02
1.307538561522960698e-02 1.324715819209814141e-02
1.545250099152326549e-02 2.115342542529106279e-02
1.190400533378124272e-02 1.663581281900405884e-02
1.408156491816043784e-02 2.379324659705162048e-02
2.019358072429895332e-02 1.938055828213691711e-02
1.463595069944858586e-02 1.394977308809757302e-02
1.252074539661407471e-02 3.392838984727859775e-02
1.886436417698860238e-02 2.492237016558647086e-02
1.636853106319904189e-02 3.159183263778686523e-02
2.239294201135635237e-02 1.491252742707729374e-02
2.659472860395908217e-02 3.946006447076797624e-02
2.065552473068237374e-02 2.222059667110443115e-02
2.817352637648582597e-02 2.879839166998863359e-02
1.761231571435928345e-02 3.031861484050750802e-02
2.234231308102607727e-02 2.483394816517829964e-02
1.544254869222641026e-02 3.077909648418426444e-02
1.610023453831672599e-02 2.045982331037521362e-02
1.601396491751074652e-02 2.436846941709518502e-02
1.408169167116284440e-02 2.625972181558609148e-02
1.408114610239863396e-02 2.211593389511108329e-02
1.321630515158176387e-02 2.355860397219657759e-02
1.289670383557677338e-02 2.584433183073997498e-02
1.324683204293251003e-02 2.253695502877235343e-02
1.219837348908186028e-02 2.080244198441505432e-02
1.315575465559959412e-02 2.342010885477065901e-02
1.198039781302213599e-02 1.957271322607994149e-02
1.172300186008214985e-02 1.951614618301391463e-02
1.195720974355935981e-02 1.830736249685287545e-02
1.116886455565690994e-02 2.583278641104698112e-02
1.258799503557384014e-02 1.507676169276237453e-02
1.169928666204214131e-02 1.783358305692672729e-02
1.067148223519325326e-02 2.382839247584343095e-02
1.135890493169426987e-02 1.555639803409576347e-02
1.111823301762342522e-02 1.060377489775419201e-02
1.081928331404924393e-02 2.296751141548156877e-02
1.206006351858377422e-02 2.364168316125869751e-02
1.099459649994969333e-02 1.796614304184913566e-02
1.325804879888892174e-02 2.196570485830307007e-02
1.287419144064188073e-02 1.095032095909118618e-02
1.308709867298602988e-02 1.121767871081829140e-02
9.499437734484672199e-03 2.475033849477768083e-02
1.151108955964446137e-02 1.687085255980491638e-02
1.040766146034002339e-02 1.457566842436790536e-02
1.086384840309619938e-02 1.831239834427833557e-02
1.045563295483589207e-02 2.052306756377220154e-02
1.031109560281038250e-02 1.417176201939582790e-02
1.029689433053135837e-02 1.887157857418060233e-02
1.014513568952679634e-02 1.469875350594520604e-02
9.444801323115824959e-03 1.601249650120735099e-02
9.317194949835539211e-03 1.501930728554725682e-02
9.414883516728877327e-03 1.651574820280075212e-02
9.625009633600712169e-03 1.450175046920776367e-02
1.053908206522464683e-02 9.068842791020870903e-03
8.610196039080619465e-03 2.645424827933311532e-02
1.198723930865526130e-02 1.095521114766597782e-02
1.032805936411023209e-02 1.918218955397605827e-02
1.335001504048705101e-02 1.479578092694282601e-02
1.099862949922680855e-02 1.801294460892677307e-02
9.311342053115368236e-03 1.307025626301765511e-02
9.582831896841526378e-03 1.393868178129196132e-02
9.320599772036076286e-03 1.058745607733726536e-02
1.034529814496636460e-02 2.708145678043365548e-02
1.323341950774192810e-02 2.364554405212402483e-02
1.299601048231124878e-02 2.819353863596916338e-02
1.155792437493801186e-02 1.343563720583915676e-02
1.001598443835973774e-02 1.486167982220649650e-02
1.026406306773424218e-02 2.096541374921798845e-02
8.992969617247581135e-03 1.669511981308460097e-02
1.106829456984996865e-02 2.637502253055572579e-02
1.329022850841283729e-02 8.298371285200119296e-02
2.066822759807109694e-02 4.069242030382156511e-02
2.810577228665351798e-02 1.597798578441143175e-02
2.936934810131788115e-02 5.795380473136901855e-02
2.878457764163613181e-02 3.036873899400234153e-02
3.369215894490480701e-02 2.323038689792156219e-02
2.099219225347042153e-02 2.703418210148811340e-02
2.158923782408237596e-02 2.037887945771217277e-02
1.792271919548511436e-02 4.156146943569183350e-02
2.105884067714214325e-02 1.289372369647026097e-02
1.602080352604389260e-02 2.330158054828643938e-02
1.359948124736547539e-02 2.850917726755142212e-02
1.602893956005573342e-02 2.573382258415222307e-02
1.358698420226573875e-02 2.785537987947463850e-02
1.568993013352155616e-02 3.322377949953079362e-02
2.087988625280558924e-02 2.187565714120864868e-02
1.170650888234376838e-02 1.452242061495780980e-02
1.051246877759695088e-02 2.632992416620254586e-02
1.443491680547595059e-02 2.373105883598327498e-02
1.160948937758803437e-02 3.222940601408481875e-02
1.246799225918948650e-02 2.190081700682640006e-02
1.137923952192068135e-02 2.009264230728149275e-02
1.014812216162681510e-02 1.104574818164110253e-02
1.039256146177649533e-02 1.474116593599319493e-02
1.063223648816347122e-02 1.701841577887535165e-02
1.023532403632998466e-02 1.375910453498363495e-02
1.022138865664601326e-02 1.698461547493934631e-02
9.956786967813968312e-03 1.470031738281249965e-02
1.044096369296312367e-02 8.196001686155796745e-03
8.419533120468258511e-03 2.229073271155357361e-02
1.083064526319503854e-02 9.750835411250591972e-03
1.214598240330815385e-02 1.611221283674240182e-02
1.010036105290055240e-02 2.475548088550567558e-02
1.217938233166932990e-02 2.870840027928352467e-01
2.588387541472911835e-01 1.228930771350860568e-01
1.058703586459159851e-01 1.170490026473998968e-01
1.460888624191284124e-01 1.297890499234199413e-01
1.161695092916488620e-01 1.029272288084030207e-01
9.982614964246749878e-02 1.324888795614242443e-01
1.131778806447982788e-01 9.983895570039749701e-02
9.429606050252914429e-02 1.011041134595870999e-01
9.807112216949462336e-02 9.620594680309295377e-02
8.775312937796116153e-02 1.037287682294845553e-01
9.106850326061248502e-02 1.025824606418609675e-01
8.544259816408157626e-02 9.392221122980118353e-02
8.387962728738784790e-02 9.429298937320709784e-02
8.406699597835540216e-02 9.298052191734314242e-02
8.014626763761042993e-02 9.639332294464111883e-02
8.239918053150177557e-02 9.708598107099533636e-02
8.065634742379187982e-02 9.133687913417816440e-02
8.004641607403754910e-02 9.023024290800094049e-02
7.975396290421485346e-02 8.970453888177871982e-02
7.793208658695220670e-02 9.001202881336212158e-02
7.590862512588500421e-02 8.753495663404464722e-02
7.607401348650455475e-02 8.692239522933960238e-02
7.589491903781890592e-02 8.974365442991256991e-02
7.463736534118652066e-02 8.711930215358734686e-02
7.281401157379149836e-02 8.461294472217559259e-02
7.242049574851990024e-02 8.382400572299956998e-02
7.252747267484664639e-02 8.380973190069199164e-02
7.033314704895018976e-02 8.293861001729965765e-02
6.940962597727776129e-02 8.284975141286850253e-02
6.903779730200768072e-02 8.113376200199126642e-02
6.818756069988012036e-02 8.003516495227813721e-02
6.701466292142868597e-02 8.051485419273377020e-02
6.621159166097641269e-02 7.702039629220962247e-02
6.469649523496627530e-02 7.517008036375046054e-02
6.532573290169238489e-02 7.433435842394828241e-02
6.257372647523880282e-02 7.914114147424697321e-02
6.478570294566451948e-02 7.113553211092948914e-02
6.027750670909881592e-02 6.933621019124984464e-02
6.021439582109451572e-02 6.770995482802391607e-02
5.841789506375789920e-02 6.670428812503814697e-02
5.925748720765113692e-02 6.620210707187652865e-02
5.686277542263269702e-02 6.221880838274955472e-02
5.599098131060600142e-02 6.347428411245345514e-02
5.405271574854850908e-02 5.907097458839416504e-02
5.271867960691452304e-02 5.746660083532333096e-02
5.462734997272491316e-02 5.611407533288002153e-02
4.970750957727432251e-02 5.450502187013626237e-02
4.916153177618980130e-02 5.567075610160827914e-02
5.089497193694114685e-02 5.496559143066406111e-02
4.712396357208490510e-02 5.266478732228278836e-02
4.966158531606197635e-02 5.645403116941451888e-02
5.587498769164085666e-02 5.843230485916137834e-02
6.157454401254654208e-02 6.507039070129394531e-02
6.337937861680983942e-02 6.742394268512726108e-02
6.748811304569243830e-02 5.713944807648659030e-02
5.852400884032249451e-02 4.887023195624351501e-02
5.499302670359611234e-02 4.735446721315383911e-02
4.877077210694551190e-02 6.214246898889541626e-02
4.760816581547260007e-02 5.604546144604682922e-02
5.100107751786708832e-02 5.729823485016823092e-02
5.306458398699760715e-02 4.773768559098243852e-02
5.311293005943298201e-02 4.992821440100669861e-02
4.702534386888146400e-02 6.910765022039414007e-02
5.258015487343072752e-02 5.363548547029495239e-02
5.198560878634452681e-02 5.610722899436950545e-02
5.301393456757068356e-02 4.584536924958228926e-02
4.484131596982478957e-02 4.508712440729141513e-02
4.772966131567955156e-02 4.745157286524772505e-02
3.959336951375007352e-02 5.057378038764000217e-02
4.284747987985611239e-02 5.272194221615791182e-02
4.218205185607075414e-02 4.628006592392921309e-02
4.186816550791263442e-02 4.598744511604309360e-02
3.803286571055650850e-02 4.255964979529380798e-02
3.895861580967903415e-02 4.671366587281226834e-02
4.120738878846168241e-02 4.318757727742195129e-02
4.433225244283676286e-02 4.488206282258033752e-02
5.174438431859016557e-02 5.068037658929824829e-02
5.605818480253219743e-02 4.498961865901947299e-02
4.527206383645534377e-02 4.008249305188656131e-02
4.806705974042415480e-02 3.875780105590820312e-02
4.207428172230720520e-02 4.067234918475150923e-02
3.477237150073051591e-02 4.549628943204879483e-02
3.428865335881710330e-02 4.956664592027663907e-02
3.372579663991927962e-02 4.113211259245872636e-02
3.378362581133842468e-02 3.877277858555316925e-02
3.040529303252697060e-02 3.594867326319217682e-02
3.179530017077922960e-02 3.511472009122371812e-02
2.954546213150024275e-02 3.209713343530893465e-02
2.931570541113615036e-02 3.151555582880973677e-02
2.941557224839925697e-02 3.986605256795883179e-02
3.026964068412780692e-02 3.178479932248592238e-02
2.506551370024680953e-02 2.935578171163797517e-02
2.338479300960898469e-02 3.568715602159500122e-02
2.235108986496925354e-02 3.574716076254844804e-02
2.572877444326877525e-02 3.375781252980232516e-02
2.357838284224271844e-02 2.449010452255606651e-02
2.362357303500175337e-02 3.899406790733337541e-02
2.607694342732429574e-02 5.660604536533355574e-02
3.626007139682770053e-02 4.857453107833862443e-02
3.101487504318356514e-02 4.816305190324783603e-02
2.594921700656414171e-02 2.741050757467746596e-02
1.970882359892129829e-02 2.291756663471460412e-02
1.877070385962724755e-02 3.716533184051513949e-02
1.951865740120410989e-02 2.878301497548818588e-02
2.321572825312614302e-02 3.493286371231078824e-02
2.036746181547641893e-02 3.815414756536483765e-02
1.832684390246868203e-02 4.678453803062439242e-02
2.710651084780692915e-02 8.615517318248748502e-02
4.495187941938638687e-02 6.764727234840392511e-02
3.870417159050702771e-02 6.152704656124115268e-02
3.211328312754631320e-02 4.889876991510391097e-02
2.466818541288375716e-02 3.227936774492264072e-02
2.304144799709319930e-02 5.022313594818115373e-02
4.960775221697986265e-02 4.107640832662582536e-02
2.468507830053567886e-02 3.728343099355697909e-02
2.183625623583793779e-02 3.535531014204025546e-02
2.017087694257497718e-02 3.306875452399253568e-02
1.837842455133795877e-02 3.562737852334976058e-02
1.813092175871133804e-02 4.036968797445297102e-02
2.517317719757556846e-02 3.871966004371642928e-02
2.688459027558565140e-02 2.568836770951747964e-02
2.357188239693641663e-02 3.274471908807754378e-02
1.815498732030391624e-02 3.116812780499458174e-02
1.683396641165018151e-02 3.525208830833435197e-02
1.747720306739210944e-02 4.499246180057525635e-02
5.180155523121356825e-02 3.440794423222541532e-02
4.697460047900677005e-02 3.527364283800125261e-02
2.821529526263475557e-02 7.090685069561004916e-02
4.680063426494598250e-02 4.105032011866569658e-02
3.932675421237945279e-02 3.432198166847229281e-02
2.689463160932064126e-02 3.806308954954147616e-02
2.060701772570610116e-02 4.284019395709037781e-02
2.665535062551498482e-02 3.082768917083740165e-02
2.014380246400833060e-02 3.409440666437148909e-02
1.892743576318025450e-02 2.569530084729194572e-02
1.914869584143161912e-02 3.446263819932937622e-02
1.852148920297622819e-02 2.619230896234512468e-02
1.574364523403346677e-02 2.293668417260050912e-02
1.597069329582154890e-02 2.414768775925040314e-02
1.560801514424383675e-02 2.672393098473548750e-02
1.542889676056802273e-02 3.018722012639045785e-02
1.500477571971714497e-02 2.903200238943099906e-02
1.465254686772823368e-02 2.702826559543609550e-02
1.409362377598881791e-02 2.407037038356065611e-02
1.340651642531156575e-02 3.090423196554183821e-02
1.456284765154123272e-02 2.812996506690979004e-02
1.359845586121082375e-02 2.701052501797675948e-02
1.478732964023947785e-02 2.759720459580421517e-02
1.266478318721056019e-02 2.541468068957328935e-02
1.259836787357926369e-02 2.543554008007049491e-02
1.255185462068766390e-02 2.648231610655784468e-02
1.227647550404071738e-02 2.671741768717765877e-02
1.233319134917110205e-02 2.769637852907180786e-02
1.222879076376557315e-02 2.559548765420913835e-02
1.264849556609988143e-02 2.586228251457214217e-02
1.169999707490205695e-02 2.567117959260940482e-02
1.166659751906990936e-02 2.355023100972175598e-02
1.155410939827561378e-02 2.530343830585479736e-02
