   0.0000000e+00   2.0000000e+00   5.9000000e+00   3.6000000e+00   1.7300000e+00   2.3000000e+00
   5.0000000e-03   2.0000000e+00   5.9000000e+00   3.6000000e+00   1.7300000e+00   2.2949640e+00
   1.0000000e-02   2.0000000e+00   5.9000000e+00   3.6000000e+00   1.7300000e+00   2.2860885e+00
   1.5000000e-02   2.0000000e+00   5.9000000e+00   3.6000000e+00   1.7300000e+00   2.2817252e+00
   2.0000000e-02   2.0000000e+00   5.9000000e+00   3.6000000e+00   1.7300000e+00   2.2810619e+00
   2.5000000e-02   2.0000000e+00   5.9000000e+00   3.6000000e+00   1.7300000e+00   2.2815325e+00
   3.0000000e-02   2.0000000e+00   5.9000000e+00   3.6000000e+00   1.7300000e+00   2.2823053e+00
   3.5000000e-02   2.0000000e+00   5.9000000e+00   3.6000000e+00   1.7300000e+00   2.2823433e+00
   4.0000000e-02   6.9570109e+00   5.9000000e+00   3.6000000e+00   1.7300000e+00   2.2543587e+00
   4.5000000e-02   7.3790243e+00   5.9000000e+00   3.6000000e+00   1.7300000e+00   2.1723357e+00
   5.0000000e-02   7.7781746e+00   5.9000000e+00   3.6000000e+00   1.7300000e+00   2.0808197e+00
   5.5000000e-02   8.1578183e+00   5.9000000e+00   3.6000000e+00   1.7300000e+00   2.0211755e+00
   6.0000000e-02   8.5205634e+00   5.9000000e+00   3.6000000e+00   1.7300000e+00   1.9752326e+00
   6.5000000e-02   8.8684835e+00   5.9000000e+00   3.6000000e+00   1.7300000e+00   1.9338630e+00
   7.0000000e-02   9.2032603e+00   5.9000000e+00   3.6000000e+00   1.7300000e+00   1.8907006e+00
   7.5000000e-02   9.5262794e+00   5.9000000e+00   3.6000000e+00   1.7300000e+00   1.8459663e+00
   8.0000000e-02   9.8386991e+00   5.9000000e+00   3.6000000e+00   1.7300000e+00   1.7986474e+00
   8.5000000e-02   1.0141499e+01   5.9000000e+00   3.6000000e+00   1.7300000e+00   1.7474188e+00
   9.0000000e-02   1.0435516e+01   5.9000000e+00   3.6000000e+00   1.7300000e+00   1.6932378e+00
   9.5000000e-02   1.0721474e+01   5.9000000e+00   3.6000000e+00   1.7300000e+00   1.6334264e+00
   1.0000000e-01   0.0000000e+00   5.9000000e+00   3.6000000e+00   1.7300000e+00   1.6623620e+00
   1.0500000e-01   0.0000000e+00   5.9000000e+00   3.6000000e+00   1.7300000e+00   1.8517005e+00
   1.1000000e-01   0.0000000e+00   5.9000000e+00   3.6000000e+00   1.7300000e+00   2.0655512e+00
   1.1500000e-01   0.0000000e+00   5.9000000e+00   3.6000000e+00   1.7300000e+00   2.2162579e+00
   1.2000000e-01   0.0000000e+00   5.9000000e+00   3.6000000e+00   1.7300000e+00   2.2962496e+00
   1.2500000e-01   0.0000000e+00   5.9000000e+00   3.6000000e+00   1.7300000e+00   2.3192242e+00
   1.3000000e-01   0.0000000e+00   5.9000000e+00   3.6000000e+00   1.7300000e+00   2.3128319e+00
   1.3500000e-01   0.0000000e+00   5.9000000e+00   3.6000000e+00   1.7300000e+00   2.3048492e+00
   1.4000000e-01   0.0000000e+00   5.9000000e+00   3.6000000e+00   1.7300000e+00   2.2984818e+00
   1.4500000e-01   0.0000000e+00   5.9000000e+00   3.6000000e+00   1.7300000e+00   2.2988903e+00
   1.5000000e-01   0.0000000e+00   5.9000000e+00   3.6000000e+00   1.7300000e+00   2.2990904e+00
   1.5500000e-01   0.0000000e+00   5.9000000e+00   3.6000000e+00   1.7300000e+00   2.2996424e+00
   1.6000000e-01   0.0000000e+00   5.9000000e+00   3.6000000e+00   1.7300000e+00   2.3006122e+00
   1.6500000e-01   0.0000000e+00   5.9000000e+00   3.6000000e+00   1.7300000e+00   2.2994909e+00
   1.7000000e-01   0.0000000e+00   5.9000000e+00   3.6000000e+00   1.7300000e+00   2.3006885e+00
   1.7500000e-01   0.0000000e+00   5.9000000e+00   3.6000000e+00   1.7300000e+00   2.2995355e+00
   1.8000000e-01   0.0000000e+00   5.9000000e+00   3.6000000e+00   1.7300000e+00   2.3002794e+00
   1.8500000e-01   0.0000000e+00   5.9000000e+00   3.6000000e+00   1.7300000e+00   2.3000001e+00
   1.9000000e-01   0.0000000e+00   5.9000000e+00   3.6000000e+00   1.7300000e+00   2.2997822e+00
   1.9500000e-01   0.0000000e+00   5.9000000e+00   3.6000000e+00   1.7300000e+00   2.3003895e+00
   2.0000000e-01   0.0000000e+00   5.9000000e+00   3.6000000e+00   1.7300000e+00   2.2995769e+00
   2.0500000e-01   0.0000000e+00   5.9000000e+00   3.6000000e+00   1.7300000e+00   2.3004034e+00
   2.1000000e-01   0.0000000e+00   5.9000000e+00   3.6000000e+00   1.7300000e+00   2.2997686e+00
   2.1500000e-01   0.0000000e+00   5.9000000e+00   3.6000000e+00   1.7300000e+00   2.3000755e+00
   2.2000000e-01   0.0000000e+00   5.9000000e+00   3.6000000e+00   1.7300000e+00   2.3001288e+00
   2.2500000e-01   0.0000000e+00   5.9000000e+00   3.6000000e+00   1.7300000e+00   2.2997283e+00
   2.3000000e-01   0.0000000e+00   5.9000000e+00   3.6000000e+00   1.7300000e+00   2.3003558e+00
   2.3500000e-01   0.0000000e+00   5.9000000e+00   3.6000000e+00   1.7300000e+00   2.2996559e+00
   2.4000000e-01   0.0000000e+00   5.9000000e+00   3.6000000e+00   1.7300000e+00   2.3002834e+00
   2.4500000e-01   0.0000000e+00   5.9000000e+00   3.6000000e+00   1.7300000e+00   2.2998651e+00
   2.5000000e-01   0.0000000e+00   5.9000000e+00   3.6000000e+00   1.7300000e+00   2.2999987e+00
   2.5500000e-01   0.0000000e+00   5.9000000e+00   3.6000000e+00   1.7300000e+00   2.3001480e+00
   2.6000000e-01   0.0000000e+00   5.9000000e+00   3.6000000e+00   1.7300000e+00   2.2997632e+00
   2.6500000e-01   0.0000000e+00   5.9000000e+00   3.6000000e+00   1.7300000e+00   2.3002818e+00
   2.7000000e-01   0.0000000e+00   5.9000000e+00   3.6000000e+00   1.7300000e+00   2.2997559e+00
   2.7500000e-01   0.0000000e+00   5.9000000e+00   3.6000000e+00   1.7300000e+00   2.3001822e+00
   2.8000000e-01   0.0000000e+00   5.9000000e+00   3.6000000e+00   1.7300000e+00   2.2999364e+00
   2.8500000e-01   0.0000000e+00   5.9000000e+00   3.6000000e+00   1.7300000e+00   2.2999609e+00
   2.9000000e-01   0.0000000e+00   5.9000000e+00   3.6000000e+00   1.7300000e+00   2.3001326e+00
   2.9500000e-01   0.0000000e+00   5.9000000e+00   3.6000000e+00   1.7300000e+00   2.2998176e+00
   3.0000000e-01   0.0000000e+00   5.9000000e+00   3.6000000e+00   1.7300000e+00   2.3001915e+00
   3.0500000e-01   0.0000000e+00   5.9000000e+00   3.6000000e+00   1.7300000e+00   2.2998522e+00
   3.1000000e-01   0.0000000e+00   5.9000000e+00   3.6000000e+00   1.7300000e+00   2.3000856e+00
   3.1500000e-01   0.0000000e+00   5.9000000e+00   3.6000000e+00   1.7300000e+00   2.3000029e+00
   3.2000000e-01   0.0000000e+00   5.9000000e+00   3.6000000e+00   1.7300000e+00   2.2999258e+00
   3.2500000e-01   0.0000000e+00   5.9000000e+00   3.6000000e+00   1.7300000e+00   2.3001310e+00
   3.3000000e-01   0.0000000e+00   5.9000000e+00   3.6000000e+00   1.7300000e+00   2.2998527e+00
   3.3500000e-01   0.0000000e+00   5.9000000e+00   3.6000000e+00   1.7300000e+00   2.3001371e+00
   3.4000000e-01   0.0000000e+00   5.9000000e+00   3.6000000e+00   1.7300000e+00   2.2999120e+00
   3.4500000e-01   0.0000000e+00   5.9000000e+00   3.6000000e+00   1.7300000e+00   2.3000306e+00
   3.5000000e-01   0.0000000e+00   5.9000000e+00   3.6000000e+00   1.7300000e+00   2.3000364e+00
   3.5500000e-01   0.0000000e+00   5.9000000e+00   3.6000000e+00   1.7300000e+00   2.2999122e+00
   3.6000000e-01   0.0000000e+00   5.9000000e+00   3.6000000e+00   1.7300000e+00   2.3001199e+00
   3.6500000e-01   0.0000000e+00   5.9000000e+00   3.6000000e+00   1.7300000e+00   2.2998781e+00
   3.7000000e-01   0.0000000e+00   5.9000000e+00   3.6000000e+00   1.7300000e+00   2.3001029e+00
   3.7500000e-01   0.0000000e+00   5.9000000e+00   3.6000000e+00   1.7300000e+00   2.2999407e+00
   3.8000000e-01   0.0000000e+00   5.9000000e+00   3.6000000e+00   1.7300000e+00   2.3000127e+00
   3.8500000e-01   0.0000000e+00   5.9000000e+00   3.6000000e+00   1.7300000e+00   2.3000356e+00
   3.9000000e-01   0.0000000e+00   5.9000000e+00   3.6000000e+00   1.7300000e+00   2.2999317e+00
   3.9500000e-01   0.0000000e+00   5.9000000e+00   3.6000000e+00   1.7300000e+00   2.3000850e+00
   4.0000000e-01   0.0000000e+00   5.9000000e+00   3.6000000e+00   1.7300000e+00   2.2999216e+00
   4.0500000e-01   0.0000000e+00   5.9000000e+00   3.6000000e+00   1.7300000e+00   2.3000581e+00
   4.1000000e-01   0.0000000e+00   5.9000000e+00   3.6000000e+00   1.7300000e+00   2.2999768e+00
   4.1500000e-01   0.0000000e+00   5.9000000e+00   3.6000000e+00   1.7300000e+00   2.2999889e+00
   4.2000000e-01   0.0000000e+00   5.9000000e+00   3.6000000e+00   1.7300000e+00   2.3000419e+00
   4.2500000e-01   0.0000000e+00   5.9000000e+00   3.6000000e+00   1.7300000e+00   2.2999405e+00
   4.3000000e-01   0.0000000e+00   5.9000000e+00   3.6000000e+00   1.7300000e+00   2.3000636e+00
   4.3500000e-01   0.0000000e+00   5.9000000e+00   3.6000000e+00   1.7300000e+00   2.2999481e+00
   4.4000000e-01   0.0000000e+00   5.9000000e+00   3.6000000e+00   1.7300000e+00   2.3000313e+00
   4.4500000e-01   0.0000000e+00   5.9000000e+00   3.6000000e+00   1.7300000e+00   2.2999960e+00
   4.5000000e-01   0.0000000e+00   5.9000000e+00   3.6000000e+00   1.7300000e+00   2.2999799e+00
   4.5500000e-01   0.0000000e+00   5.9000000e+00   3.6000000e+00   1.7300000e+00   2.3000386e+00
   4.6000000e-01   0.0000000e+00   5.9000000e+00   3.6000000e+00   1.7300000e+00   2.2999552e+00
   4.6500000e-01   0.0000000e+00   5.9000000e+00   3.6000000e+00   1.7300000e+00   2.3000410e+00
   4.7000000e-01   0.0000000e+00   5.9000000e+00   3.6000000e+00   1.7300000e+00   2.2999748e+00
   4.7500000e-01   0.0000000e+00   5.9000000e+00   3.6000000e+00   1.7300000e+00   2.3000048e+00
   4.8000000e-01   0.0000000e+00   5.9000000e+00   3.6000000e+00   1.7300000e+00   2.3000187e+00
   4.8500000e-01   0.0000000e+00   5.9000000e+00   3.6000000e+00   1.7300000e+00   2.2999622e+00
   4.9000000e-01   0.0000000e+00   5.9000000e+00   3.6000000e+00   1.7300000e+00   2.3000508e+00
   4.9500000e-01   0.0000000e+00   5.9000000e+00   3.6000000e+00   1.7300000e+00   2.2999459e+00
   5.0000000e-01   0.0000000e+00   5.9000000e+00   3.6000000e+00   1.7300000e+00   2.3000496e+00
