   0.0000000e+00   1.2000000e+01   6.1000000e+00   4.2000000e+00   1.7800000e+00   2.3000000e+00
   5.0000000e-03   1.1791827e+01   6.1000000e+00   4.2000000e+00   1.7800000e+00   2.1447057e+00
   1.0000000e-02   1.1587265e+01   6.1000000e+00   4.2000000e+00   1.7800000e+00   1.8809218e+00
   1.5000000e-02   1.1386252e+01   6.1000000e+00   4.2000000e+00   1.7800000e+00   1.7349347e+00
   2.0000000e-02   1.1188726e+01   6.1000000e+00   4.2000000e+00   1.7800000e+00   1.6221062e+00
   2.5000000e-02   1.0994626e+01   6.1000000e+00   4.2000000e+00   1.7800000e+00   1.5258005e+00
   3.0000000e-02   1.0803894e+01   6.1000000e+00   4.2000000e+00   1.7800000e+00   1.4581114e+00
   3.5000000e-02   1.0616471e+01   6.1000000e+00   4.2000000e+00   1.7800000e+00   1.3873699e+00
   4.0000000e-02   1.0432299e+01   6.1000000e+00   4.2000000e+00   1.7800000e+00   1.3386990e+00
   4.5000000e-02   1.0251322e+01   6.1000000e+00   4.2000000e+00   1.7800000e+00   1.2873644e+00
   5.0000000e-02   1.0073484e+01   6.1000000e+00   4.2000000e+00   1.7800000e+00   1.2478972e+00
   5.5000000e-02   9.8987318e+00   6.1000000e+00   4.2000000e+00   1.7800000e+00   1.2116590e+00
   6.0000000e-02   9.7270110e+00   6.1000000e+00   4.2000000e+00   1.7800000e+00   1.1792190e+00
   6.5000000e-02   9.5582691e+00   6.1000000e+00   4.2000000e+00   1.7800000e+00   1.1536361e+00
   7.0000000e-02   9.3924545e+00   6.1000000e+00   4.2000000e+00   1.7800000e+00   1.1285914e+00
   7.5000000e-02   9.2295164e+00   6.1000000e+00   4.2000000e+00   1.7800000e+00   1.1104364e+00
   8.0000000e-02   9.0694049e+00   6.1000000e+00   4.2000000e+00   1.7800000e+00   1.0930660e+00
   8.5000000e-02   8.9120710e+00   6.1000000e+00   4.2000000e+00   1.7800000e+00   1.0809725e+00
   9.0000000e-02   8.7574665e+00   6.1000000e+00   4.2000000e+00   1.7800000e+00   1.0709432e+00
   9.5000000e-02   8.6055440e+00   6.1000000e+00   4.2000000e+00   1.7800000e+00   1.0648364e+00
   1.0000000e-01   8.4562571e+00   6.1000000e+00   4.2000000e+00   1.7800000e+00   1.0616736e+00
   1.0500000e-01   8.3095599e+00   6.1000000e+00   4.2000000e+00   1.7800000e+00   1.0619794e+00
   1.1000000e-01   8.1654076e+00   6.1000000e+00   4.2000000e+00   1.7800000e+00   1.0655512e+00
   1.1500000e-01   8.0237561e+00   6.1000000e+00   4.2000000e+00   1.7800000e+00   1.0727795e+00
   1.2000000e-01   7.8845618e+00   6.1000000e+00   4.2000000e+00   1.7800000e+00   1.0834337e+00
   1.2500000e-01   7.7477823e+00   6.1000000e+00   4.2000000e+00   1.7800000e+00   1.0981226e+00
   1.3000000e-01   7.6133756e+00   6.1000000e+00   4.2000000e+00   1.7800000e+00   1.1165755e+00
   1.3500000e-01   7.4813006e+00   6.1000000e+00   4.2000000e+00   1.7800000e+00   1.1393624e+00
   1.4000000e-01   7.3515167e+00   6.1000000e+00   4.2000000e+00   1.7800000e+00   1.1665027e+00
   1.4500000e-01   7.2239844e+00   6.1000000e+00   4.2000000e+00   1.7800000e+00   1.1981181e+00
   1.5000000e-01   7.0986644e+00   6.1000000e+00   4.2000000e+00   1.7800000e+00   1.2347649e+00
   1.5500000e-01   6.9755184e+00   6.1000000e+00   4.2000000e+00   1.7800000e+00   1.2758210e+00
   1.6000000e-01   6.8545088e+00   6.1000000e+00   4.2000000e+00   1.7800000e+00   1.3223614e+00
   1.6500000e-01   6.7355984e+00   6.1000000e+00   4.2000000e+00   1.7800000e+00   1.3728648e+00
   1.7000000e-01   6.6187508e+00   6.1000000e+00   4.2000000e+00   1.7800000e+00   1.4286671e+00
   1.7500000e-01   6.5039303e+00   6.1000000e+00   4.2000000e+00   1.7800000e+00   1.4872683e+00
   1.8000000e-01   6.3911016e+00   6.1000000e+00   4.2000000e+00   1.7800000e+00   1.5499238e+00
   1.8500000e-01   6.2802303e+00   6.1000000e+00   4.2000000e+00   1.7800000e+00   1.6131843e+00
   1.9000000e-01   6.1712823e+00   6.1000000e+00   4.2000000e+00   1.7800000e+00   1.6780396e+00
   1.9500000e-01   6.0642244e+00   6.1000000e+00   4.2000000e+00   1.7800000e+00   1.7404298e+00
   2.0000000e-01   5.9590236e+00   6.1000000e+00   4.2000000e+00   1.7800000e+00   1.8012571e+00
   2.0500000e-01   5.8556479e+00   6.1000000e+00   4.2000000e+00   1.7800000e+00   1.8566243e+00
   2.1000000e-01   5.7540655e+00   6.1000000e+00   4.2000000e+00   1.7800000e+00   1.9077721e+00
   2.1500000e-01   5.6542453e+00   6.1000000e+00   4.2000000e+00   1.7800000e+00   1.9518395e+00
   2.2000000e-01   5.5561568e+00   6.1000000e+00   4.2000000e+00   1.7800000e+00   1.9905858e+00
   2.2500000e-01   5.4597699e+00   6.1000000e+00   4.2000000e+00   1.7800000e+00   2.0225614e+00
   2.3000000e-01   5.3650551e+00   6.1000000e+00   4.2000000e+00   1.7800000e+00   2.0496782e+00
   2.3500000e-01   5.2719834e+00   6.1000000e+00   4.2000000e+00   1.7800000e+00   2.0716500e+00
   2.4000000e-01   5.1805263e+00   6.1000000e+00   4.2000000e+00   1.7800000e+00   2.0899509e+00
   2.4500000e-01   5.0906557e+00   6.1000000e+00   4.2000000e+00   1.7800000e+00   2.1050122e+00
   2.5000000e-01   5.0023442e+00   6.1000000e+00   4.2000000e+00   1.7800000e+00   2.1175223e+00
   2.5500000e-01   4.9155647e+00   6.1000000e+00   4.2000000e+00   1.7800000e+00   2.1283309e+00
   2.6000000e-01   4.8302907e+00   6.1000000e+00   4.2000000e+00   1.7800000e+00   2.1373352e+00
   2.6500000e-01   4.7464959e+00   6.1000000e+00   4.2000000e+00   1.7800000e+00   2.1456598e+00
   2.7000000e-01   4.6641549e+00   6.1000000e+00   4.2000000e+00   1.7800000e+00   2.1525979e+00
   2.7500000e-01   4.5832422e+00   6.1000000e+00   4.2000000e+00   1.7800000e+00   2.1594495e+00
   2.8000000e-01   4.5037332e+00   6.1000000e+00   4.2000000e+00   1.7800000e+00   2.1651493e+00
   2.8500000e-01   4.4256035e+00   6.1000000e+00   4.2000000e+00   1.7800000e+00   2.1710517e+00
   2.9000000e-01   4.3488292e+00   6.1000000e+00   4.2000000e+00   1.7800000e+00   2.1759771e+00
   2.9500000e-01   4.2733867e+00   6.1000000e+00   4.2000000e+00   1.7800000e+00   2.1811850e+00
   3.0000000e-01   4.1992530e+00   6.1000000e+00   4.2000000e+00   1.7800000e+00   2.1855999e+00
   3.0500000e-01   4.1264053e+00   6.1000000e+00   4.2000000e+00   1.7800000e+00   2.1902374e+00
   3.1000000e-01   4.0548214e+00   6.1000000e+00   4.2000000e+00   1.7800000e+00   2.1942955e+00
   3.1500000e-01   3.9844793e+00   6.1000000e+00   4.2000000e+00   1.7800000e+00   2.1984336e+00
   3.2000000e-01   3.9153575e+00   6.1000000e+00   4.2000000e+00   1.7800000e+00   2.2022217e+00
   3.2500000e-01   3.8474348e+00   6.1000000e+00   4.2000000e+00   1.7800000e+00   2.2059166e+00
   3.3000000e-01   3.7806904e+00   6.1000000e+00   4.2000000e+00   1.7800000e+00   2.2094783e+00
   3.3500000e-01   3.7151039e+00   6.1000000e+00   4.2000000e+00   1.7800000e+00   2.2127858e+00
   3.4000000e-01   3.6506552e+00   6.1000000e+00   4.2000000e+00   1.7800000e+00   2.2161360e+00
   3.4500000e-01   3.5873245e+00   6.1000000e+00   4.2000000e+00   1.7800000e+00   2.2191144e+00
   3.5000000e-01   3.5250924e+00   6.1000000e+00   4.2000000e+00   1.7800000e+00   2.2222514e+00
   3.5500000e-01   3.4639399e+00   6.1000000e+00   4.2000000e+00   1.7800000e+00   2.2249585e+00
   3.6000000e-01   3.4038483e+00   6.1000000e+00   4.2000000e+00   1.7800000e+00   2.2278733e+00
   3.6500000e-01   3.3447992e+00   6.1000000e+00   4.2000000e+00   1.7800000e+00   2.2303634e+00
   3.7000000e-01   3.2867744e+00   6.1000000e+00   4.2000000e+00   1.7800000e+00   2.2330462e+00
   3.7500000e-01   3.2297562e+00   6.1000000e+00   4.2000000e+00   1.7800000e+00   2.2353662e+00
   3.8000000e-01   3.1737271e+00   6.1000000e+00   4.2000000e+00   1.7800000e+00   2.2378119e+00
   3.8500000e-01   3.1186701e+00   6.1000000e+00   4.2000000e+00   1.7800000e+00   2.2399987e+00
   3.9000000e-01   3.0645681e+00   6.1000000e+00   4.2000000e+00   1.7800000e+00   2.2422101e+00
   3.9500000e-01   3.0114047e+00   6.1000000e+00   4.2000000e+00   1.7800000e+00   2.2442875e+00
   4.0000000e-01   2.9591636e+00   6.1000000e+00   4.2000000e+00   1.7800000e+00   2.2462781e+00
   4.0500000e-01   2.9078287e+00   6.1000000e+00   4.2000000e+00   1.7800000e+00   2.2482558e+00
   4.1000000e-01   2.8573844e+00   6.1000000e+00   4.2000000e+00   1.7800000e+00   2.2500493e+00
   4.1500000e-01   2.8078151e+00   6.1000000e+00   4.2000000e+00   1.7800000e+00   2.2519242e+00
   4.2000000e-01   2.7591058e+00   6.1000000e+00   4.2000000e+00   1.7800000e+00   2.2535528e+00
   4.2500000e-01   2.7112415e+00   6.1000000e+00   4.2000000e+00   1.7800000e+00   2.2553123e+00
   4.3000000e-01   2.6642075e+00   6.1000000e+00   4.2000000e+00   1.7800000e+00   2.2568124e+00
   4.3500000e-01   2.6179895e+00   6.1000000e+00   4.2000000e+00   1.7800000e+00   2.2584402e+00
   4.4000000e-01   2.5725732e+00   6.1000000e+00   4.2000000e+00   1.7800000e+00   2.2598472e+00
   4.4500000e-01   2.5279448e+00   6.1000000e+00   4.2000000e+00   1.7800000e+00   2.2613290e+00
   4.5000000e-01   2.4840906e+00   6.1000000e+00   4.2000000e+00   1.7800000e+00   2.2626726e+00
   4.5500000e-01   2.4409972e+00   6.1000000e+00   4.2000000e+00   1.7800000e+00   2.2640006e+00
   4.6000000e-01   2.3986514e+00   6.1000000e+00   4.2000000e+00   1.7800000e+00   2.2653009e+00
   4.6500000e-01   2.3570401e+00   6.1000000e+00   4.2000000e+00   1.7800000e+00   2.2664767e+00
   4.7000000e-01   2.3161508e+00   6.1000000e+00   4.2000000e+00   1.7800000e+00   2.2677423e+00
   4.7500000e-01   2.2759707e+00   6.1000000e+00   4.2000000e+00   1.7800000e+00   2.2687779e+00
   4.8000000e-01   2.2364877e+00   6.1000000e+00   4.2000000e+00   1.7800000e+00   2.2700053e+00
   4.8500000e-01   2.1976897e+00   6.1000000e+00   4.2000000e+00   1.7800000e+00   2.2709225e+00
   4.9000000e-01   2.1595646e+00   6.1000000e+00   4.2000000e+00   1.7800000e+00   2.2720979e+00
   4.9500000e-01   2.1221010e+00   6.1000000e+00   4.2000000e+00   1.7800000e+00   2.2729262e+00
   5.0000000e-01   2.0852873e+00   6.1000000e+00   4.2000000e+00   1.7800000e+00   2.2740285e+00
