   0.0000000e+00   2.0000000e+00   6.1000000e+00   3.6000000e+00   1.8200000e+00   2.3000000e+00
   5.0000000e-03   2.0000000e+00   6.1000000e+00   3.6000000e+00   1.8200000e+00   2.2949356e+00
   1.0000000e-02   2.0000000e+00   6.1000000e+00   3.6000000e+00   1.8200000e+00   2.2856163e+00
   1.5000000e-02   2.0000000e+00   6.1000000e+00   3.6000000e+00   1.8200000e+00   2.2801253e+00
   2.0000000e-02   2.0000000e+00   6.1000000e+00   3.6000000e+00   1.8200000e+00   2.2780926e+00
   2.5000000e-02   2.0000000e+00   6.1000000e+00   3.6000000e+00   1.8200000e+00   2.2774694e+00
   3.0000000e-02   2.0000000e+00   6.1000000e+00   3.6000000e+00   1.8200000e+00   2.2777957e+00
   3.5000000e-02   2.0000000e+00   6.1000000e+00   3.6000000e+00   1.8200000e+00   2.2777556e+00
   4.0000000e-02   6.9570109e+00   6.1000000e+00   3.6000000e+00   1.8200000e+00   2.2496524e+00
   4.5000000e-02   7.3790243e+00   6.1000000e+00   3.6000000e+00   1.8200000e+00   2.1652467e+00
   5.0000000e-02   7.7781746e+00   6.1000000e+00   3.6000000e+00   1.8200000e+00   2.0654157e+00
   5.5000000e-02   8.1578183e+00   6.1000000e+00   3.6000000e+00   1.8200000e+00   1.9919425e+00
   6.0000000e-02   8.5205634e+00   6.1000000e+00   3.6000000e+00   1.8200000e+00   1.9293608e+00
   6.5000000e-02   8.8684835e+00   6.1000000e+00   3.6000000e+00   1.8200000e+00   1.8716131e+00
   7.0000000e-02   9.2032603e+00   6.1000000e+00   3.6000000e+00   1.8200000e+00   1.8127647e+00
   7.5000000e-02   9.5262794e+00   6.1000000e+00   3.6000000e+00   1.8200000e+00   1.7519237e+00
   8.0000000e-02   9.8386991e+00   6.1000000e+00   3.6000000e+00   1.8200000e+00   1.6882417e+00
   8.5000000e-02   1.0141499e+01   6.1000000e+00   3.6000000e+00   1.8200000e+00   1.6191396e+00
   9.0000000e-02   1.0435516e+01   6.1000000e+00   3.6000000e+00   1.8200000e+00   1.5457518e+00
   9.5000000e-02   1.0721474e+01   6.1000000e+00   3.6000000e+00   1.8200000e+00   1.4648464e+00
   1.0000000e-01   0.0000000e+00   6.1000000e+00   3.6000000e+00   1.8200000e+00   1.4719610e+00
   1.0500000e-01   0.0000000e+00   6.1000000e+00   3.6000000e+00   1.8200000e+00   1.6297400e+00
   1.1000000e-01   0.0000000e+00   6.1000000e+00   3.6000000e+00   1.8200000e+00   1.8190265e+00
   1.1500000e-01   0.0000000e+00   6.1000000e+00   3.6000000e+00   1.8200000e+00   1.9849669e+00
   1.2000000e-01   0.0000000e+00   6.1000000e+00   3.6000000e+00   1.8200000e+00   2.1208978e+00
   1.2500000e-01   0.0000000e+00   6.1000000e+00   3.6000000e+00   1.8200000e+00   2.2168492e+00
   1.3000000e-01   0.0000000e+00   6.1000000e+00   3.6000000e+00   1.8200000e+00   2.2698305e+00
   1.3500000e-01   0.0000000e+00   6.1000000e+00   3.6000000e+00   1.8200000e+00   2.2963964e+00
   1.4000000e-01   0.0000000e+00   6.1000000e+00   3.6000000e+00   1.8200000e+00   2.3022740e+00
   1.4500000e-01   0.0000000e+00   6.1000000e+00   3.6000000e+00   1.8200000e+00   2.3031985e+00
   1.5000000e-01   0.0000000e+00   6.1000000e+00   3.6000000e+00   1.8200000e+00   2.3019717e+00
   1.5500000e-01   0.0000000e+00   6.1000000e+00   3.6000000e+00   1.8200000e+00   2.2998753e+00
   1.6000000e-01   0.0000000e+00   6.1000000e+00   3.6000000e+00   1.8200000e+00   2.3009372e+00
   1.6500000e-01   0.0000000e+00   6.1000000e+00   3.6000000e+00   1.8200000e+00   2.2991856e+00
   1.7000000e-01   0.0000000e+00   6.1000000e+00   3.6000000e+00   1.8200000e+00   2.3005817e+00
   1.7500000e-01   0.0000000e+00   6.1000000e+00   3.6000000e+00   1.8200000e+00   2.2998031e+00
   1.8000000e-01   0.0000000e+00   6.1000000e+00   3.6000000e+00   1.8200000e+00   2.2999374e+00
   1.8500000e-01   0.0000000e+00   6.1000000e+00   3.6000000e+00   1.8200000e+00   2.3004367e+00
   1.9000000e-01   0.0000000e+00   6.1000000e+00   3.6000000e+00   1.8200000e+00   2.2995156e+00
   1.9500000e-01   0.0000000e+00   6.1000000e+00   3.6000000e+00   1.8200000e+00   2.3005763e+00
   2.0000000e-01   0.0000000e+00   6.1000000e+00   3.6000000e+00   1.8200000e+00   2.2996748e+00
   2.0500000e-01   0.0000000e+00   6.1000000e+00   3.6000000e+00   1.8200000e+00   2.3001975e+00
   2.1000000e-01   0.0000000e+00   6.1000000e+00   3.6000000e+00   1.8200000e+00   2.3001299e+00
   2.1500000e-01   0.0000000e+00   6.1000000e+00   3.6000000e+00   1.8200000e+00   2.2997316e+00
   2.2000000e-01   0.0000000e+00   6.1000000e+00   3.6000000e+00   1.8200000e+00   2.3004216e+00
   2.2500000e-01   0.0000000e+00   6.1000000e+00   3.6000000e+00   1.8200000e+00   2.2996303e+00
   2.3000000e-01   0.0000000e+00   6.1000000e+00   3.6000000e+00   1.8200000e+00   2.3003157e+00
   2.3500000e-01   0.0000000e+00   6.1000000e+00   3.6000000e+00   1.8200000e+00   2.2999074e+00
   2.4000000e-01   0.0000000e+00   6.1000000e+00   3.6000000e+00   1.8200000e+00   2.2999568e+00
   2.4500000e-01   0.0000000e+00   6.1000000e+00   3.6000000e+00   1.8200000e+00   2.3002422e+00
   2.5000000e-01   0.0000000e+00   6.1000000e+00   3.6000000e+00   1.8200000e+00   2.2997122e+00
   2.5500000e-01   0.0000000e+00   6.1000000e+00   3.6000000e+00   1.8200000e+00   2.3003352e+00
   2.6000000e-01   0.0000000e+00   6.1000000e+00   3.6000000e+00   1.8200000e+00   2.2997801e+00
   2.6500000e-01   0.0000000e+00   6.1000000e+00   3.6000000e+00   1.8200000e+00   2.3001379e+00
   2.7000000e-01   0.0000000e+00   6.1000000e+00   3.6000000e+00   1.8200000e+00   2.3000365e+00
   2.7500000e-01   0.0000000e+00   6.1000000e+00   3.6000000e+00   1.8200000e+00   2.2998678e+00
   2.8000000e-01   0.0000000e+00   6.1000000e+00   3.6000000e+00   1.8200000e+00   2.3002278e+00
   2.8500000e-01   0.0000000e+00   6.1000000e+00   3.6000000e+00   1.8200000e+00   2.2997751e+00
   2.9000000e-01   0.0000000e+00   6.1000000e+00   3.6000000e+00   1.8200000e+00   2.3002048e+00
   2.9500000e-01   0.0000000e+00   6.1000000e+00   3.6000000e+00   1.8200000e+00   2.2998982e+00
   3.0000000e-01   0.0000000e+00   6.1000000e+00   3.6000000e+00   1.8200000e+00   2.3000270e+00
   3.0500000e-01   0.0000000e+00   6.1000000e+00   3.6000000e+00   1.8200000e+00   2.3000788e+00
   3.1000000e-01   0.0000000e+00   6.1000000e+00   3.6000000e+00   1.8200000e+00   2.2998840e+00
   3.1500000e-01   0.0000000e+00   6.1000000e+00   3.6000000e+00   1.8200000e+00   2.3001461e+00
   3.2000000e-01   0.0000000e+00   6.1000000e+00   3.6000000e+00   1.8200000e+00   2.2998979e+00
   3.2500000e-01   0.0000000e+00   6.1000000e+00   3.6000000e+00   1.8200000e+00   2.3000603e+00
   3.3000000e-01   0.0000000e+00   6.1000000e+00   3.6000000e+00   1.8200000e+00   2.3000228e+00
   3.3500000e-01   0.0000000e+00   6.1000000e+00   3.6000000e+00   1.8200000e+00   2.2999263e+00
   3.4000000e-01   0.0000000e+00   6.1000000e+00   3.6000000e+00   1.8200000e+00   2.3001236e+00
   3.4500000e-01   0.0000000e+00   6.1000000e+00   3.6000000e+00   1.8200000e+00   2.2998768e+00
   3.5000000e-01   0.0000000e+00   6.1000000e+00   3.6000000e+00   1.8200000e+00   2.3001104e+00
   3.5500000e-01   0.0000000e+00   6.1000000e+00   3.6000000e+00   1.8200000e+00   2.2999441e+00
   3.6000000e-01   0.0000000e+00   6.1000000e+00   3.6000000e+00   1.8200000e+00   2.3000087e+00
   3.6500000e-01   0.0000000e+00   6.1000000e+00   3.6000000e+00   1.8200000e+00   2.3000512e+00
   3.7000000e-01   0.0000000e+00   6.1000000e+00   3.6000000e+00   1.8200000e+00   2.2999196e+00
   3.7500000e-01   0.0000000e+00   6.1000000e+00   3.6000000e+00   1.8200000e+00   2.3001009e+00
   3.8000000e-01   0.0000000e+00   6.1000000e+00   3.6000000e+00   1.8200000e+00   2.2999164e+00
   3.8500000e-01   0.0000000e+00   6.1000000e+00   3.6000000e+00   1.8200000e+00   2.3000618e+00
   3.9000000e-01   0.0000000e+00   6.1000000e+00   3.6000000e+00   1.8200000e+00   2.2999834e+00
   3.9500000e-01   0.0000000e+00   6.1000000e+00   3.6000000e+00   1.8200000e+00   2.2999840e+00
   4.0000000e-01   0.0000000e+00   6.1000000e+00   3.6000000e+00   1.8200000e+00   2.3000492e+00
   4.0500000e-01   0.0000000e+00   6.1000000e+00   3.6000000e+00   1.8200000e+00   2.2999412e+00
   4.1000000e-01   0.0000000e+00   6.1000000e+00   3.6000000e+00   1.8200000e+00   2.3000597e+00
   4.1500000e-01   0.0000000e+00   6.1000000e+00   3.6000000e+00   1.8200000e+00   2.2999598e+00
   4.2000000e-01   0.0000000e+00   6.1000000e+00   3.6000000e+00   1.8200000e+00   2.3000208e+00
   4.2500000e-01   0.0000000e+00   6.1000000e+00   3.6000000e+00   1.8200000e+00   2.3000053e+00
   4.3000000e-01   0.0000000e+00   6.1000000e+00   3.6000000e+00   1.8200000e+00   2.2999821e+00
   4.3500000e-01   0.0000000e+00   6.1000000e+00   3.6000000e+00   1.8200000e+00   2.3000261e+00
   4.4000000e-01   0.0000000e+00   6.1000000e+00   3.6000000e+00   1.8200000e+00   2.2999840e+00
   4.4500000e-01   0.0000000e+00   6.1000000e+00   3.6000000e+00   1.8200000e+00   2.3000024e+00
   4.5000000e-01   0.0000000e+00   6.1000000e+00   3.6000000e+00   1.8200000e+00   2.3000220e+00
   4.5500000e-01   0.0000000e+00   6.1000000e+00   3.6000000e+00   1.8200000e+00   2.2999593e+00
   4.6000000e-01   0.0000000e+00   6.1000000e+00   3.6000000e+00   1.8200000e+00   2.3000587e+00
   4.6500000e-01   0.0000000e+00   6.1000000e+00   3.6000000e+00   1.8200000e+00   2.2999368e+00
   4.7000000e-01   0.0000000e+00   6.1000000e+00   3.6000000e+00   1.8200000e+00   2.3000624e+00
   4.7500000e-01   0.0000000e+00   6.1000000e+00   3.6000000e+00   1.8200000e+00   2.2999516e+00
   4.8000000e-01   0.0000000e+00   6.1000000e+00   3.6000000e+00   1.8200000e+00   2.3000334e+00
   4.8500000e-01   0.0000000e+00   6.1000000e+00   3.6000000e+00   1.8200000e+00   2.2999870e+00
   4.9000000e-01   0.0000000e+00   6.1000000e+00   3.6000000e+00   1.8200000e+00   2.2999987e+00
   4.9500000e-01   0.0000000e+00   6.1000000e+00   3.6000000e+00   1.8200000e+00   2.3000135e+00
   5.0000000e-01   0.0000000e+00   6.1000000e+00   3.6000000e+00   1.8200000e+00   2.2999835e+00
