   0.0000000e+00   8.0000000e+00   6.1000000e+00   3.6000000e+00   1.7800000e+00   2.3000000e+00
   5.0000000e-03   8.0000000e+00   6.1000000e+00   3.6000000e+00   1.7800000e+00   2.2182567e+00
   1.0000000e-02   8.0000000e+00   6.1000000e+00   3.6000000e+00   1.7800000e+00   2.0632915e+00
   1.5000000e-02   8.0000000e+00   6.1000000e+00   3.6000000e+00   1.7800000e+00   1.9735099e+00
   2.0000000e-02   8.0000000e+00   6.1000000e+00   3.6000000e+00   1.7800000e+00   1.9251268e+00
   2.5000000e-02   8.0000000e+00   6.1000000e+00   3.6000000e+00   1.7800000e+00   1.8897198e+00
   3.0000000e-02   8.0000000e+00   6.1000000e+00   3.6000000e+00   1.7800000e+00   1.8701873e+00
   3.5000000e-02   8.0000000e+00   6.1000000e+00   3.6000000e+00   1.7800000e+00   1.8499992e+00
   4.0000000e-02   8.0000000e+00   6.1000000e+00   3.6000000e+00   1.7800000e+00   1.8395694e+00
   4.5000000e-02   8.0000000e+00   6.1000000e+00   3.6000000e+00   1.7800000e+00   1.8287523e+00
   5.0000000e-02   8.0000000e+00   6.1000000e+00   3.6000000e+00   1.7800000e+00   1.8206800e+00
   5.5000000e-02   8.0000000e+00   6.1000000e+00   3.6000000e+00   1.7800000e+00   1.8163063e+00
   6.0000000e-02   8.0000000e+00   6.1000000e+00   3.6000000e+00   1.7800000e+00   1.8094120e+00
   6.5000000e-02   8.0000000e+00   6.1000000e+00   3.6000000e+00   1.7800000e+00   1.8080428e+00
   7.0000000e-02   8.0000000e+00   6.1000000e+00   3.6000000e+00   1.7800000e+00   1.8032654e+00
   7.5000000e-02   8.0000000e+00   6.1000000e+00   3.6000000e+00   1.7800000e+00   1.8020069e+00
   8.0000000e-02   8.0000000e+00   6.1000000e+00   3.6000000e+00   1.7800000e+00   1.7999080e+00
   8.5000000e-02   8.0000000e+00   6.1000000e+00   3.6000000e+00   1.7800000e+00   1.7978727e+00
   9.0000000e-02   8.0000000e+00   6.1000000e+00   3.6000000e+00   1.7800000e+00   1.7976507e+00
   9.5000000e-02   8.0000000e+00   6.1000000e+00   3.6000000e+00   1.7800000e+00   1.7956044e+00
   1.0000000e-01   0.0000000e+00   6.1000000e+00   3.6000000e+00   1.7800000e+00   1.8436289e+00
   1.0500000e-01   0.0000000e+00   6.1000000e+00   3.6000000e+00   1.7800000e+00   1.9742367e+00
   1.1000000e-01   0.0000000e+00   6.1000000e+00   3.6000000e+00   1.7800000e+00   2.1158802e+00
   1.1500000e-01   0.0000000e+00   6.1000000e+00   3.6000000e+00   1.7800000e+00   2.2148988e+00
   1.2000000e-01   0.0000000e+00   6.1000000e+00   3.6000000e+00   1.7800000e+00   2.2720063e+00
   1.2500000e-01   0.0000000e+00   6.1000000e+00   3.6000000e+00   1.7800000e+00   2.2979691e+00
   1.3000000e-01   0.0000000e+00   6.1000000e+00   3.6000000e+00   1.7800000e+00   2.3036996e+00
   1.3500000e-01   0.0000000e+00   6.1000000e+00   3.6000000e+00   1.7800000e+00   2.3041174e+00
   1.4000000e-01   0.0000000e+00   6.1000000e+00   3.6000000e+00   1.7800000e+00   2.3015403e+00
   1.4500000e-01   0.0000000e+00   6.1000000e+00   3.6000000e+00   1.7800000e+00   2.3003862e+00
   1.5000000e-01   0.0000000e+00   6.1000000e+00   3.6000000e+00   1.7800000e+00   2.3002788e+00
   1.5500000e-01   0.0000000e+00   6.1000000e+00   3.6000000e+00   1.7800000e+00   2.2993381e+00
   1.6000000e-01   0.0000000e+00   6.1000000e+00   3.6000000e+00   1.7800000e+00   2.3004945e+00
   1.6500000e-01   0.0000000e+00   6.1000000e+00   3.6000000e+00   1.7800000e+00   2.2994494e+00
   1.7000000e-01   0.0000000e+00   6.1000000e+00   3.6000000e+00   1.7800000e+00   2.3003828e+00
   1.7500000e-01   0.0000000e+00   6.1000000e+00   3.6000000e+00   1.7800000e+00   2.2998449e+00
   1.8000000e-01   0.0000000e+00   6.1000000e+00   3.6000000e+00   1.7800000e+00   2.2999756e+00
   1.8500000e-01   0.0000000e+00   6.1000000e+00   3.6000000e+00   1.7800000e+00   2.3001847e+00
   1.9000000e-01   0.0000000e+00   6.1000000e+00   3.6000000e+00   1.7800000e+00   2.2997341e+00
   1.9500000e-01   0.0000000e+00   6.1000000e+00   3.6000000e+00   1.7800000e+00   2.3002500e+00
   2.0000000e-01   0.0000000e+00   6.1000000e+00   3.6000000e+00   1.7800000e+00   2.2998188e+00
   2.0500000e-01   0.0000000e+00   6.1000000e+00   3.6000000e+00   1.7800000e+00   2.3000620e+00
   2.1000000e-01   0.0000000e+00   6.1000000e+00   3.6000000e+00   1.7800000e+00   2.3000427e+00
   2.1500000e-01   0.0000000e+00   6.1000000e+00   3.6000000e+00   1.7800000e+00   2.2998700e+00
   2.2000000e-01   0.0000000e+00   6.1000000e+00   3.6000000e+00   1.7800000e+00   2.3001442e+00
   2.2500000e-01   0.0000000e+00   6.1000000e+00   3.6000000e+00   1.7800000e+00   2.2998877e+00
   2.3000000e-01   0.0000000e+00   6.1000000e+00   3.6000000e+00   1.7800000e+00   2.3000223e+00
   2.3500000e-01   0.0000000e+00   6.1000000e+00   3.6000000e+00   1.7800000e+00   2.3000902e+00
   2.4000000e-01   0.0000000e+00   6.1000000e+00   3.6000000e+00   1.7800000e+00   2.2998011e+00
   2.4500000e-01   0.0000000e+00   6.1000000e+00   3.6000000e+00   1.7800000e+00   2.3002854e+00
   2.5000000e-01   0.0000000e+00   6.1000000e+00   3.6000000e+00   1.7800000e+00   2.2996889e+00
   2.5500000e-01   0.0000000e+00   6.1000000e+00   3.6000000e+00   1.7800000e+00   2.3003094e+00
   2.6000000e-01   0.0000000e+00   6.1000000e+00   3.6000000e+00   1.7800000e+00   2.2997685e+00
   2.6500000e-01   0.0000000e+00   6.1000000e+00   3.6000000e+00   1.7800000e+00   2.3001588e+00
   2.7000000e-01   0.0000000e+00   6.1000000e+00   3.6000000e+00   1.7800000e+00   2.2999476e+00
   2.7500000e-01   0.0000000e+00   6.1000000e+00   3.6000000e+00   1.7800000e+00   2.2999764e+00
   2.8000000e-01   0.0000000e+00   6.1000000e+00   3.6000000e+00   1.7800000e+00   2.3000776e+00
   2.8500000e-01   0.0000000e+00   6.1000000e+00   3.6000000e+00   1.7800000e+00   2.2999016e+00
   2.9000000e-01   0.0000000e+00   6.1000000e+00   3.6000000e+00   1.7800000e+00   2.3000843e+00
   2.9500000e-01   0.0000000e+00   6.1000000e+00   3.6000000e+00   1.7800000e+00   2.2999455e+00
   3.0000000e-01   0.0000000e+00   6.1000000e+00   3.6000000e+00   1.7800000e+00   2.3000137e+00
   3.0500000e-01   0.0000000e+00   6.1000000e+00   3.6000000e+00   1.7800000e+00   2.3000139e+00
   3.1000000e-01   0.0000000e+00   6.1000000e+00   3.6000000e+00   1.7800000e+00   2.2999701e+00
   3.1500000e-01   0.0000000e+00   6.1000000e+00   3.6000000e+00   1.7800000e+00   2.3000173e+00
   3.2000000e-01   0.0000000e+00   6.1000000e+00   3.6000000e+00   1.7800000e+00   2.3000081e+00
   3.2500000e-01   0.0000000e+00   6.1000000e+00   3.6000000e+00   1.7800000e+00   2.2999494e+00
   3.3000000e-01   0.0000000e+00   6.1000000e+00   3.6000000e+00   1.7800000e+00   2.3000892e+00
   3.3500000e-01   0.0000000e+00   6.1000000e+00   3.6000000e+00   1.7800000e+00   2.2998789e+00
   3.4000000e-01   0.0000000e+00   6.1000000e+00   3.6000000e+00   1.7800000e+00   2.3001332e+00
   3.4500000e-01   0.0000000e+00   6.1000000e+00   3.6000000e+00   1.7800000e+00   2.2998744e+00
   3.5000000e-01   0.0000000e+00   6.1000000e+00   3.6000000e+00   1.7800000e+00   2.3000977e+00
   3.5500000e-01   0.0000000e+00   6.1000000e+00   3.6000000e+00   1.7800000e+00   2.2999406e+00
   3.6000000e-01   0.0000000e+00   6.1000000e+00   3.6000000e+00   1.7800000e+00   2.3000120e+00
   3.6500000e-01   0.0000000e+00   6.1000000e+00   3.6000000e+00   1.7800000e+00   2.3000239e+00
   3.7000000e-01   0.0000000e+00   6.1000000e+00   3.6000000e+00   1.7800000e+00   2.2999433e+00
   3.7500000e-01   0.0000000e+00   6.1000000e+00   3.6000000e+00   1.7800000e+00   2.3000666e+00
   3.8000000e-01   0.0000000e+00   6.1000000e+00   3.6000000e+00   1.7800000e+00   2.2999330e+00
   3.8500000e-01   0.0000000e+00   6.1000000e+00   3.6000000e+00   1.7800000e+00   2.3000533e+00
   3.9000000e-01   0.0000000e+00   6.1000000e+00   3.6000000e+00   1.7800000e+00   2.2999674e+00
   3.9500000e-01   0.0000000e+00   6.1000000e+00   3.6000000e+00   1.7800000e+00   2.3000144e+00
   4.0000000e-01   0.0000000e+00   6.1000000e+00   3.6000000e+00   1.7800000e+00   2.3000039e+00
   4.0500000e-01   0.0000000e+00   6.1000000e+00   3.6000000e+00   1.7800000e+00   2.2999899e+00
   4.1000000e-01   0.0000000e+00   6.1000000e+00   3.6000000e+00   1.7800000e+00   2.3000146e+00
   4.1500000e-01   0.0000000e+00   6.1000000e+00   3.6000000e+00   1.7800000e+00   2.2999912e+00
   4.2000000e-01   0.0000000e+00   6.1000000e+00   3.6000000e+00   1.7800000e+00   2.3000070e+00
   4.2500000e-01   0.0000000e+00   6.1000000e+00   3.6000000e+00   1.7800000e+00   2.2999972e+00
   4.3000000e-01   0.0000000e+00   6.1000000e+00   3.6000000e+00   1.7800000e+00   2.3000088e+00
   4.3500000e-01   0.0000000e+00   6.1000000e+00   3.6000000e+00   1.7800000e+00   2.2999823e+00
   4.4000000e-01   0.0000000e+00   6.1000000e+00   3.6000000e+00   1.7800000e+00   2.3000368e+00
   4.4500000e-01   0.0000000e+00   6.1000000e+00   3.6000000e+00   1.7800000e+00   2.2999435e+00
   4.5000000e-01   0.0000000e+00   6.1000000e+00   3.6000000e+00   1.7800000e+00   2.3000802e+00
   4.5500000e-01   0.0000000e+00   6.1000000e+00   3.6000000e+00   1.7800000e+00   2.2999029e+00
   4.6000000e-01   0.0000000e+00   6.1000000e+00   3.6000000e+00   1.7800000e+00   2.3001121e+00
   4.6500000e-01   0.0000000e+00   6.1000000e+00   3.6000000e+00   1.7800000e+00   2.2998864e+00
   4.7000000e-01   0.0000000e+00   6.1000000e+00   3.6000000e+00   1.7800000e+00   2.3001123e+00
   4.7500000e-01   0.0000000e+00   6.1000000e+00   3.6000000e+00   1.7800000e+00   2.2999021e+00
   4.8000000e-01   0.0000000e+00   6.1000000e+00   3.6000000e+00   1.7800000e+00   2.3000829e+00
   4.8500000e-01   0.0000000e+00   6.1000000e+00   3.6000000e+00   1.7800000e+00   2.2999374e+00
   4.9000000e-01   0.0000000e+00   6.1000000e+00   3.6000000e+00   1.7800000e+00   2.3000420e+00
   4.9500000e-01   0.0000000e+00   6.1000000e+00   3.6000000e+00   1.7800000e+00   2.2999734e+00
   5.0000000e-01   0.0000000e+00   6.1000000e+00   3.6000000e+00   1.7800000e+00   2.3000068e+00
