   0.0000000e+00   2.0000000e+00   6.0000000e+00   4.0000000e+00   1.9000000e+00   2.3000000e+00
   5.0000000e-03   2.0000000e+00   6.0000000e+00   4.0000000e+00   1.9000000e+00   2.2954994e+00
   1.0000000e-02   2.0000000e+00   6.0000000e+00   4.0000000e+00   1.9000000e+00   2.2877309e+00
   1.5000000e-02   2.0000000e+00   6.0000000e+00   4.0000000e+00   1.9000000e+00   2.2835506e+00
   2.0000000e-02   2.0000000e+00   6.0000000e+00   4.0000000e+00   1.9000000e+00   2.2817260e+00
   2.5000000e-02   2.0000000e+00   6.0000000e+00   4.0000000e+00   1.9000000e+00   2.2807678e+00
   3.0000000e-02   2.0000000e+00   6.0000000e+00   4.0000000e+00   1.9000000e+00   2.2806303e+00
   3.5000000e-02   2.0000000e+00   6.0000000e+00   4.0000000e+00   1.9000000e+00   2.2803131e+00
   4.0000000e-02   4.0249224e+00   6.0000000e+00   4.0000000e+00   1.9000000e+00   2.2734860e+00
   4.5000000e-02   4.2690748e+00   6.0000000e+00   4.0000000e+00   1.9000000e+00   2.2534701e+00
   5.0000000e-02   4.5000000e+00   6.0000000e+00   4.0000000e+00   1.9000000e+00   2.2307316e+00
   5.5000000e-02   4.7196398e+00   6.0000000e+00   4.0000000e+00   1.9000000e+00   2.2138939e+00
   6.0000000e-02   4.9295030e+00   6.0000000e+00   4.0000000e+00   1.9000000e+00   2.1996723e+00
   6.5000000e-02   5.1307894e+00   6.0000000e+00   4.0000000e+00   1.9000000e+00   2.1873215e+00
   7.0000000e-02   5.3244718e+00   6.0000000e+00   4.0000000e+00   1.9000000e+00   2.1752331e+00
   7.5000000e-02   5.5113519e+00   6.0000000e+00   4.0000000e+00   1.9000000e+00   2.1634936e+00
   8.0000000e-02   5.6920998e+00   6.0000000e+00   4.0000000e+00   1.9000000e+00   2.1518223e+00
   8.5000000e-02   5.8672822e+00   6.0000000e+00   4.0000000e+00   1.9000000e+00   2.1398735e+00
   9.0000000e-02   6.0373835e+00   6.0000000e+00   4.0000000e+00   1.9000000e+00   2.1280684e+00
   9.5000000e-02   6.2028219e+00   6.0000000e+00   4.0000000e+00   1.9000000e+00   2.1158160e+00
   1.0000000e-01   6.3639610e+00   6.0000000e+00   4.0000000e+00   1.9000000e+00   2.1035867e+00
   1.0500000e-01   6.5211195e+00   6.0000000e+00   4.0000000e+00   1.9000000e+00   2.0910478e+00
   1.1000000e-01   6.6745786e+00   6.0000000e+00   4.0000000e+00   1.9000000e+00   2.0782691e+00
   1.1500000e-01   6.8245879e+00   6.0000000e+00   4.0000000e+00   1.9000000e+00   2.0653802e+00
   1.2000000e-01   6.9713700e+00   6.0000000e+00   4.0000000e+00   1.9000000e+00   2.0520587e+00
   1.2500000e-01   7.1151247e+00   6.0000000e+00   4.0000000e+00   1.9000000e+00   2.0386770e+00
   1.3000000e-01   7.2560320e+00   6.0000000e+00   4.0000000e+00   1.9000000e+00   2.0248605e+00
   1.3500000e-01   7.3942545e+00   6.0000000e+00   4.0000000e+00   1.9000000e+00   2.0108482e+00
   1.4000000e-01   7.5299402e+00   6.0000000e+00   4.0000000e+00   1.9000000e+00   1.9965307e+00
   1.4500000e-01   7.6632239e+00   6.0000000e+00   4.0000000e+00   1.9000000e+00   1.9818160e+00
   1.5000000e-01   7.7942286e+00   6.0000000e+00   4.0000000e+00   1.9000000e+00   1.9669056e+00
   1.5500000e-01   7.9230676e+00   6.0000000e+00   4.0000000e+00   1.9000000e+00   1.9514713e+00
   1.6000000e-01   8.0498447e+00   6.0000000e+00   4.0000000e+00   1.9000000e+00   1.9358265e+00
   1.6500000e-01   8.1746560e+00   6.0000000e+00   4.0000000e+00   1.9000000e+00   1.9196507e+00
   1.7000000e-01   8.2975900e+00   6.0000000e+00   4.0000000e+00   1.9000000e+00   1.9031369e+00
   1.7500000e-01   8.4187291e+00   6.0000000e+00   4.0000000e+00   1.9000000e+00   1.8861421e+00
   1.8000000e-01   8.5381497e+00   6.0000000e+00   4.0000000e+00   1.9000000e+00   1.8686557e+00
   1.8500000e-01   8.6559228e+00   6.0000000e+00   4.0000000e+00   1.9000000e+00   1.8507014e+00
   1.9000000e-01   8.7721149e+00   6.0000000e+00   4.0000000e+00   1.9000000e+00   1.8321475e+00
   1.9500000e-01   8.8867879e+00   6.0000000e+00   4.0000000e+00   1.9000000e+00   1.8130563e+00
   2.0000000e-01   9.0000000e+00   6.0000000e+00   4.0000000e+00   1.9000000e+00   1.7933074e+00
   2.0500000e-01   9.0000000e+00   6.0000000e+00   4.0000000e+00   1.9000000e+00   1.7741699e+00
   2.1000000e-01   9.0000000e+00   6.0000000e+00   4.0000000e+00   1.9000000e+00   1.7576874e+00
   2.1500000e-01   9.0000000e+00   6.0000000e+00   4.0000000e+00   1.9000000e+00   1.7439053e+00
   2.2000000e-01   9.0000000e+00   6.0000000e+00   4.0000000e+00   1.9000000e+00   1.7320795e+00
   2.2500000e-01   9.0000000e+00   6.0000000e+00   4.0000000e+00   1.9000000e+00   1.7219124e+00
   2.3000000e-01   9.0000000e+00   6.0000000e+00   4.0000000e+00   1.9000000e+00   1.7130911e+00
   2.3500000e-01   9.0000000e+00   6.0000000e+00   4.0000000e+00   1.9000000e+00   1.7054158e+00
   2.4000000e-01   9.0000000e+00   6.0000000e+00   4.0000000e+00   1.9000000e+00   1.6986689e+00
   2.4500000e-01   9.0000000e+00   6.0000000e+00   4.0000000e+00   1.9000000e+00   1.6927702e+00
   2.5000000e-01   9.0000000e+00   6.0000000e+00   4.0000000e+00   1.9000000e+00   1.6875206e+00
   2.5500000e-01   9.0000000e+00   6.0000000e+00   4.0000000e+00   1.9000000e+00   1.6829202e+00
   2.6000000e-01   9.0000000e+00   6.0000000e+00   4.0000000e+00   1.9000000e+00   1.6787893e+00
   2.6500000e-01   9.0000000e+00   6.0000000e+00   4.0000000e+00   1.9000000e+00   1.6751553e+00
   2.7000000e-01   9.0000000e+00   6.0000000e+00   4.0000000e+00   1.9000000e+00   1.6718802e+00
   2.7500000e-01   9.0000000e+00   6.0000000e+00   4.0000000e+00   1.9000000e+00   1.6689796e+00
   2.8000000e-01   9.0000000e+00   6.0000000e+00   4.0000000e+00   1.9000000e+00   1.6663674e+00
   2.8500000e-01   9.0000000e+00   6.0000000e+00   4.0000000e+00   1.9000000e+00   1.6640350e+00
   2.9000000e-01   9.0000000e+00   6.0000000e+00   4.0000000e+00   1.9000000e+00   1.6619393e+00
   2.9500000e-01   9.0000000e+00   6.0000000e+00   4.0000000e+00   1.9000000e+00   1.6600550e+00
   3.0000000e-01   9.0000000e+00   6.0000000e+00   4.0000000e+00   1.9000000e+00   1.6583643e+00
   3.0500000e-01   9.0000000e+00   6.0000000e+00   4.0000000e+00   1.9000000e+00   1.6568371e+00
   3.1000000e-01   9.0000000e+00   6.0000000e+00   4.0000000e+00   1.9000000e+00   1.6554670e+00
   3.1500000e-01   9.0000000e+00   6.0000000e+00   4.0000000e+00   1.9000000e+00   1.6542254e+00
   3.2000000e-01   9.0000000e+00   6.0000000e+00   4.0000000e+00   1.9000000e+00   1.6531122e+00
   3.2500000e-01   9.0000000e+00   6.0000000e+00   4.0000000e+00   1.9000000e+00   1.6520992e+00
   3.3000000e-01   9.0000000e+00   6.0000000e+00   4.0000000e+00   1.9000000e+00   1.6511932e+00
   3.3500000e-01   9.0000000e+00   6.0000000e+00   4.0000000e+00   1.9000000e+00   1.6503646e+00
   3.4000000e-01   9.0000000e+00   6.0000000e+00   4.0000000e+00   1.9000000e+00   1.6496257e+00
   3.4500000e-01   9.0000000e+00   6.0000000e+00   4.0000000e+00   1.9000000e+00   1.6489473e+00
   3.5000000e-01   9.0000000e+00   6.0000000e+00   4.0000000e+00   1.9000000e+00   1.6483425e+00
   3.5500000e-01   9.0000000e+00   6.0000000e+00   4.0000000e+00   1.9000000e+00   1.6477881e+00
   3.6000000e-01   9.0000000e+00   6.0000000e+00   4.0000000e+00   1.9000000e+00   1.6472903e+00
   3.6500000e-01   9.0000000e+00   6.0000000e+00   4.0000000e+00   1.9000000e+00   1.6468385e+00
   3.7000000e-01   9.0000000e+00   6.0000000e+00   4.0000000e+00   1.9000000e+00   1.6464270e+00
   3.7500000e-01   9.0000000e+00   6.0000000e+00   4.0000000e+00   1.9000000e+00   1.6460596e+00
   3.8000000e-01   9.0000000e+00   6.0000000e+00   4.0000000e+00   1.9000000e+00   1.6457184e+00
   3.8500000e-01   9.0000000e+00   6.0000000e+00   4.0000000e+00   1.9000000e+00   1.6454195e+00
   3.9000000e-01   9.0000000e+00   6.0000000e+00   4.0000000e+00   1.9000000e+00   1.6451369e+00
   3.9500000e-01   9.0000000e+00   6.0000000e+00   4.0000000e+00   1.9000000e+00   1.6448929e+00
   4.0000000e-01   9.0000000e+00   6.0000000e+00   4.0000000e+00   1.9000000e+00   1.6446595e+00
   4.0500000e-01   9.0000000e+00   6.0000000e+00   4.0000000e+00   1.9000000e+00   1.6444591e+00
   4.1000000e-01   9.0000000e+00   6.0000000e+00   4.0000000e+00   1.9000000e+00   1.6442676e+00
   4.1500000e-01   9.0000000e+00   6.0000000e+00   4.0000000e+00   1.9000000e+00   1.6441017e+00
   4.2000000e-01   9.0000000e+00   6.0000000e+00   4.0000000e+00   1.9000000e+00   1.6439458e+00
   4.2500000e-01   9.0000000e+00   6.0000000e+00   4.0000000e+00   1.9000000e+00   1.6438070e+00
   4.3000000e-01   9.0000000e+00   6.0000000e+00   4.0000000e+00   1.9000000e+00   1.6436813e+00
   4.3500000e-01   9.0000000e+00   6.0000000e+00   4.0000000e+00   1.9000000e+00   1.6435639e+00
   4.4000000e-01   9.0000000e+00   6.0000000e+00   4.0000000e+00   1.9000000e+00   1.6434641e+00
   4.4500000e-01   9.0000000e+00   6.0000000e+00   4.0000000e+00   1.9000000e+00   1.6433634e+00
   4.5000000e-01   9.0000000e+00   6.0000000e+00   4.0000000e+00   1.9000000e+00   1.6432854e+00
   4.5500000e-01   9.0000000e+00   6.0000000e+00   4.0000000e+00   1.9000000e+00   1.6431982e+00
   4.6000000e-01   9.0000000e+00   6.0000000e+00   4.0000000e+00   1.9000000e+00   1.6431382e+00
   4.6500000e-01   9.0000000e+00   6.0000000e+00   4.0000000e+00   1.9000000e+00   1.6430622e+00
   4.7000000e-01   9.0000000e+00   6.0000000e+00   4.0000000e+00   1.9000000e+00   1.6430167e+00
   4.7500000e-01   9.0000000e+00   6.0000000e+00   4.0000000e+00   1.9000000e+00   1.6429507e+00
   4.8000000e-01   9.0000000e+00   6.0000000e+00   4.0000000e+00   1.9000000e+00   1.6429160e+00
   4.8500000e-01   9.0000000e+00   6.0000000e+00   4.0000000e+00   1.9000000e+00   1.6428594e+00
   4.9000000e-01   9.0000000e+00   6.0000000e+00   4.0000000e+00   1.9000000e+00   1.6428323e+00
   4.9500000e-01   9.0000000e+00   6.0000000e+00   4.0000000e+00   1.9000000e+00   1.6427848e+00
   5.0000000e-01   9.0000000e+00   6.0000000e+00   4.0000000e+00   1.9000000e+00   1.6427627e+00
