4.100707817077636541e+00 3.783464193344116211e+00
3.988331794738769531e+00 3.643653392791748047e+00
3.855471897125243963e+00 3.462825298309326172e+00
3.693061447143554776e+00 3.214177846908569336e+00
3.489409637451172053e+00 2.994062423706054688e+00
3.279296207427978338e+00 2.850380420684814453e+00
3.139959716796874911e+00 2.744174718856811523e+00
3.036578989028930753e+00 2.655434608459472656e+00
2.947408103942871005e+00 2.575737237930297852e+00
2.866460418701171964e+00 2.501309394836425781e+00
2.790214490890503107e+00 2.430277347564697266e+00
2.714166069030761630e+00 2.361157894134521484e+00
2.643436527252197354e+00 2.293086051940917969e+00
2.571040010452270597e+00 2.225976943969726562e+00
2.502000117301940829e+00 2.159558773040771484e+00
2.430037832260131925e+00 2.093596458435058594e+00
2.359452486038208008e+00 2.027026653289794922e+00
2.289140033721923650e+00 1.959722161293029785e+00
2.216375207901001065e+00 1.891691803932189941e+00
2.144316411018371671e+00 1.822743058204650879e+00
2.070036339759826483e+00 1.752930045127868652e+00
1.993586730957031206e+00 1.681979060173034668e+00
1.914046382904052823e+00 1.609014987945556641e+00
1.833476066589355469e+00 1.533234834671020508e+00
1.749571514129638627e+00 1.454221963882446289e+00
1.663346338272094771e+00 1.373582959175109863e+00
1.564607262611389160e+00 1.290705919265747070e+00
1.473645257949829146e+00 1.204269528388977051e+00
1.374065971374511808e+00 1.116340279579162598e+00
1.272241735458373935e+00 1.028870463371276855e+00
1.164004278182983354e+00 9.433293342590332031e-01
1.068872392177581787e+00 8.620445132255554199e-01
9.713695287704467995e-01 7.882662415504455566e-01
8.842672586441040483e-01 7.219496369361877441e-01
8.069240331649780718e-01 6.627110838890075684e-01
7.389576315879822221e-01 6.097457408905029297e-01
6.767778158187865989e-01 5.620663166046142578e-01
6.242501616477966753e-01 5.188507437705993652e-01
5.762284278869629350e-01 4.799993932247161865e-01
5.315630793571471946e-01 4.447845220565795898e-01
4.924013614654541016e-01 4.124531447887420654e-01
4.568641126155853494e-01 3.827794194221496582e-01
4.241489052772521862e-01 3.555946648120880127e-01
3.942308843135833851e-01 3.306407928466796875e-01
3.668837606906890647e-01 3.077630698680877686e-01
3.420945823192596547e-01 2.868874371051788330e-01
3.181512534618377575e-01 2.678688764572143555e-01
2.972028553485870361e-01 2.504444420337677002e-01
2.779483437538147195e-01 2.345625460147857666e-01
2.602055579423904197e-01 2.201206833124160767e-01
2.437902092933654785e-01 2.070357501506805420e-01
2.288807988166809138e-01 1.951601058244705200e-01
2.152756363153457697e-01 1.844061315059661865e-01
2.033136129379272405e-01 1.747820377349853516e-01
1.923616856336593517e-01 1.663684844970703125e-01
1.820531427860259954e-01 1.590317636728286743e-01
1.734965026378631481e-01 1.526052355766296387e-01
1.658492922782897894e-01 1.470885276794433594e-01
1.585538953542709462e-01 1.423496603965759277e-01
1.528289228677749689e-01 1.382443904876708984e-01
1.473154932260513361e-01 1.347644329071044922e-01
1.428006485104560963e-01 1.318365335464477539e-01
1.386047095060348455e-01 1.294171065092086792e-01
1.352905794978141729e-01 1.274431496858596802e-01
1.321678519248962458e-01 1.258741468191146851e-01
1.300559222698211559e-01 1.246615722775459290e-01
1.275402605533599854e-01 1.237527132034301758e-01
1.259104460477828979e-01 1.230465918779373169e-01
1.243235811591148349e-01 1.225124970078468323e-01
1.234567821025848444e-01 1.221254616975784302e-01
1.221594065427780151e-01 1.218635514378547668e-01
1.213836342096328708e-01 1.216881722211837769e-01
1.207218289375305148e-01 1.215746402740478516e-01
1.201620608568191584e-01 1.214963719248771667e-01
1.196559295058250427e-01 1.214346811175346375e-01
1.193108826875686618e-01 1.213830262422561646e-01
1.189038962125778254e-01 1.213373914361000061e-01
1.186346739530563382e-01 1.213108077645301819e-01
1.183867603540420532e-01 1.212911978363990784e-01
1.181137517094612149e-01 1.212861314415931702e-01
1.179038599133491461e-01 1.213111728429794312e-01
1.176984965801239069e-01 1.213478222489356995e-01
1.175264135003089849e-01 1.213883906602859497e-01
1.173406288027763339e-01 1.214268431067466736e-01
1.172137826681137057e-01 1.214596554636955261e-01
1.171078175306320135e-01 1.214386075735092163e-01
1.169458806514740018e-01 1.213330402970314026e-01
1.168314173817634610e-01 1.212133020162582397e-01
1.167088657617569025e-01 1.211223974823951721e-01
1.165931403636932401e-01 1.210175529122352600e-01
1.164756879210472051e-01 1.209264919161796570e-01
1.163685828447341974e-01 1.208195164799690247e-01
1.162501156330108670e-01 1.207088753581047058e-01
1.161420941352844238e-01 1.206064224243164062e-01
1.160351604223251315e-01 1.205068752169609070e-01
1.159165918827056857e-01 1.204440221190452576e-01
1.158055111765861483e-01 1.204239130020141602e-01
1.157336801290512057e-01 1.204089969396591187e-01
1.155968442559242304e-01 1.203381121158599854e-01
1.155112557113170679e-01 1.202939674258232117e-01
1.154145926237106351e-01 1.202739924192428589e-01
1.153016000986099299e-01 1.201952919363975525e-01
1.152028292417526245e-01 1.200917586684226990e-01
1.151161499321460696e-01 1.200064942240715027e-01
1.150057867169380216e-01 1.199446246027946472e-01
1.149079695343971225e-01 1.198347061872482300e-01
1.148068487644195584e-01 1.196889355778694153e-01
1.147077500820159884e-01 1.195319965481758118e-01
1.146005362272262545e-01 1.193586587905883789e-01
1.145028829574585016e-01 1.191607937216758728e-01
1.143800675868988093e-01 1.189300268888473511e-01
1.143087461590766851e-01 1.186628341674804688e-01
1.141916304826736395e-01 1.184126436710357666e-01
1.141605347394943210e-01 1.181844323873519897e-01
1.140504926443099976e-01 1.180141493678092957e-01
1.139926694333553286e-01 1.178860664367675781e-01
1.138832375407218961e-01 1.178273856639862061e-01
1.137902557849884005e-01 1.177954673767089844e-01
1.136883512139320318e-01 1.177575811743736267e-01
1.136032044887542725e-01 1.177212744951248169e-01
1.135045304894447271e-01 1.176682710647583008e-01
1.134104847908019992e-01 1.176203861832618713e-01
1.133282929658889771e-01 1.175486966967582703e-01
1.132398389279842404e-01 1.174597218632698059e-01
1.131600916385650663e-01 1.173626333475112915e-01
1.130572170019149836e-01 1.171897426247596741e-01
1.129649773240089389e-01 1.170030459761619568e-01
1.129012539982795771e-01 1.168403550982475281e-01
1.128154247999191284e-01 1.167399659752845764e-01
1.127176135778427124e-01 1.166816502809524536e-01
1.126353114843368503e-01 1.165921613574028015e-01
1.125451117753982488e-01 1.164770498871803284e-01
1.124517112970352117e-01 1.163806989789009094e-01
1.123814508318901062e-01 1.162861511111259460e-01
1.122750774025917109e-01 1.162504851818084717e-01
1.121970325708389338e-01 1.162117347121238708e-01
1.121044993400573675e-01 1.161206513643264771e-01
1.120167046785354587e-01 1.159899458289146423e-01
1.119303166866302546e-01 1.158546060323715210e-01
1.118455067276954706e-01 1.157212182879447937e-01
1.117762342095375006e-01 1.155991628766059875e-01
1.116891235113143949e-01 1.155236363410949707e-01
1.116002142429351751e-01 1.154911592602729797e-01
1.115064069628715487e-01 1.155060827732086182e-01
1.114101514220237760e-01 1.155704781413078308e-01
1.113361865282058716e-01 1.156682074069976807e-01
1.112548768520355280e-01 1.157780364155769348e-01
1.112160250544547979e-01 1.158805340528488159e-01
1.111363276839256314e-01 1.159617528319358826e-01
1.110840864479541723e-01 1.160689964890480042e-01
1.110383227467536954e-01 1.161809340119361877e-01
1.110024787485599518e-01 1.162930950522422791e-01
1.110317185521125793e-01 1.163323968648910522e-01
1.109337061643600464e-01 1.162254586815834045e-01
1.108531028032302829e-01 1.160745248198509216e-01
1.107905827462673243e-01 1.159416660666465759e-01
1.106738924980163602e-01 1.158484369516372681e-01
1.106079444289207458e-01 1.157253161072731018e-01
1.105133011937141363e-01 1.156328469514846802e-01
1.104355067014694269e-01 1.155301034450531006e-01
1.103487104177474920e-01 1.153989732265472412e-01
1.102674454450607300e-01 1.152208000421524048e-01
1.101749509572982760e-01 1.150491833686828613e-01
1.100697040557861300e-01 1.148542165756225586e-01
1.099818229675292997e-01 1.145979687571525574e-01
1.098763361573219244e-01 1.143528372049331665e-01
1.098043993115425110e-01 1.141393333673477173e-01
1.097218081355094965e-01 1.140049099922180176e-01
1.096261799335479792e-01 1.139043867588043213e-01
1.095479249954223605e-01 1.137451231479644775e-01
1.094819456338882446e-01 1.135604977607727051e-01
1.094002574682235718e-01 1.134027019143104553e-01
1.093177378177642850e-01 1.132393032312393188e-01
1.092564150691032465e-01 1.130620762705802917e-01
1.091700822114944486e-01 1.128899604082107544e-01
1.091043144464492742e-01 1.126965507864952087e-01
1.090374425053596552e-01 1.125280112028121948e-01
1.089969605207443265e-01 1.124007925391197205e-01
1.089084833860397283e-01 1.123298108577728271e-01
1.088426157832145663e-01 1.122621074318885803e-01
1.087706983089447021e-01 1.121921092271804810e-01
1.086986899375915472e-01 1.121390536427497864e-01
1.086450308561325018e-01 1.120653077960014343e-01
1.085848852992057773e-01 1.119650825858116150e-01
1.084838226437568609e-01 1.119400262832641602e-01
1.084241867065429688e-01 1.119141578674316406e-01
1.083336368203163119e-01 1.118702143430709839e-01
1.082568839192390442e-01 1.118891090154647827e-01
1.081675395369529752e-01 1.119748502969741821e-01
1.081300258636474637e-01 1.120610609650611877e-01
1.080457247793674413e-01 1.120931804180145264e-01
1.079840660095214844e-01 1.120946630835533142e-01
1.079120904207229587e-01 1.120690926909446716e-01
1.078506395220756586e-01 1.120584085583686829e-01
1.077786713838577298e-01 1.120140627026557922e-01
1.077185444533824976e-01 1.119649261236190796e-01
1.076722651720047053e-01 1.118905767798423767e-01
1.075549185276031550e-01 1.116603016853332520e-01
1.075168810784816742e-01 1.113973632454872131e-01
1.074047937989234952e-01 1.112056821584701538e-01
1.073466353118419647e-01 1.110643595457077026e-01
1.072633847594261225e-01 1.110101044178009033e-01
1.072184160351753179e-01 1.109554916620254517e-01
1.071378827095031683e-01 1.108407899737358093e-01
1.070659495890140533e-01 1.107851341366767883e-01
1.069962263107299832e-01 1.107827946543693542e-01
1.069461196660995428e-01 1.107965782284736633e-01
1.068806201219558716e-01 1.108012422919273376e-01
1.068611949682235773e-01 1.108082234859466553e-01
1.067669883370399447e-01 1.107125505805015564e-01
1.067057356238365201e-01 1.106037870049476624e-01
1.066382199525833102e-01 1.105215102434158325e-01
1.065710037946701050e-01 1.104455217719078064e-01
1.065089672803878756e-01 1.103202775120735168e-01
1.064427301287651090e-01 1.101383715867996216e-01
1.063560068607330295e-01 1.099459156394004822e-01
1.062581211328506442e-01 1.096725016832351685e-01
1.062765285372734014e-01 1.093713790178298950e-01
1.061876788735389709e-01 1.091837584972381592e-01
1.061261907219886724e-01 1.090744882822036743e-01
1.060549885034561129e-01 1.090461313724517822e-01
1.060183018445968600e-01 1.090276911854743958e-01
1.059167340397834806e-01 1.089443415403366089e-01
1.058685988187789973e-01 1.088410615921020508e-01
1.058060549199581202e-01 1.086918190121650696e-01
1.057538866996765164e-01 1.086272895336151123e-01
1.056809335947036799e-01 1.086219400167465210e-01
1.056062057614326477e-01 1.086071431636810303e-01
1.055423498153686551e-01 1.086069718003273010e-01
1.054756805300712530e-01 1.086122766137123108e-01
1.054104998707771357e-01 1.086377352476119995e-01
1.053416401147842379e-01 1.087142899632453918e-01
1.053056508302688543e-01 1.088120937347412109e-01
1.052465900778770391e-01 1.088727638125419617e-01
1.052050933241844149e-01 1.089093685150146484e-01
1.051504716277122525e-01 1.089133918285369873e-01
1.051199048757553156e-01 1.088724136352539062e-01
1.050593912601471003e-01 1.087650954723358154e-01
1.049881368875503485e-01 1.086396798491477966e-01
1.049035042524337769e-01 1.084057986736297607e-01
1.048537164926528903e-01 1.081404983997344971e-01
1.048070669174194364e-01 1.079528927803039551e-01
1.047143518924713163e-01 1.078424900770187378e-01
1.046547040343284579e-01 1.077491343021392822e-01
1.046018444001674680e-01 1.076976731419563293e-01
1.045627713203430148e-01 1.076466515660285950e-01
1.044931814074516324e-01 1.075361073017120361e-01
1.044321119785308893e-01 1.074657216668128967e-01
1.043749451637268066e-01 1.074214726686477661e-01
1.043251782655715970e-01 1.073507145047187805e-01
1.042591989040374811e-01 1.072093099355697632e-01
1.042164906859397860e-01 1.070749834179878235e-01
1.041500240564346286e-01 1.069797649979591370e-01
1.041025526821613284e-01 1.068979948759078979e-01
1.040377706289291326e-01 1.068672239780426025e-01
1.039849698543548612e-01 1.068451032042503357e-01
1.039271950721740723e-01 1.068220213055610657e-01
1.038722425699234037e-01 1.068718880414962769e-01
1.038300231099128779e-01 1.069705486297607422e-01
1.038233399391174372e-01 1.069590598344802856e-01
1.037301540374755832e-01 1.068324819207191467e-01
1.036717265844345065e-01 1.067261099815368652e-01
1.036111027002334650e-01 1.066202670335769653e-01
1.035836838185787145e-01 1.065492779016494751e-01
1.035132482647895813e-01 1.065326258540153503e-01
1.034587785601615850e-01 1.064360141754150391e-01
1.034046337008476257e-01 1.063013002276420593e-01
1.033636689186096247e-01 1.062254384160041809e-01
1.033115237951278687e-01 1.061797142028808594e-01
1.032455787062644958e-01 1.060729548335075378e-01
1.031989291310310419e-01 1.059836298227310181e-01
1.031470626592636136e-01 1.058927625417709351e-01
1.031070224940776880e-01 1.057819277048110962e-01
1.030387967824935858e-01 1.057380884885787964e-01
1.029876515269279452e-01 1.057148948311805725e-01
1.029342994093895014e-01 1.057005897164344788e-01
1.028953522443771390e-01 1.056697592139244080e-01
1.028424158692359952e-01 1.056054756045341492e-01
1.028002768754959079e-01 1.055241227149963379e-01
1.027266055345535251e-01 1.053480952978134155e-01
1.026699617505073547e-01 1.051756441593170166e-01
1.026142954826354953e-01 1.050030887126922607e-01
1.025772586464881869e-01 1.048473343253135681e-01
1.025311015546321869e-01 1.047519072890281677e-01
1.024732142686843872e-01 1.047141104936599731e-01
1.024243116378784207e-01 1.046921536326408386e-01
1.023697629570960999e-01 1.046337038278579712e-01
1.023364193737506811e-01 1.045871078968048096e-01
1.022532835602760343e-01 1.046559959650039673e-01
1.022330820560455322e-01 1.047482341527938843e-01
1.021602779626846341e-01 1.047737076878547668e-01
1.021065071225166349e-01 1.048365905880928040e-01
1.020641833543777521e-01 1.049785837531089783e-01
1.020088195800781250e-01 1.051478832960128784e-01
1.019859105348586981e-01 1.054055020213127136e-01
1.019924290478229495e-01 1.056947112083435059e-01
1.020917713642120334e-01 1.059157028794288635e-01
1.020643308758735629e-01 1.059841960668563843e-01
1.020541757345199557e-01 1.060262024402618408e-01
1.020347714424133245e-01 1.060784831643104553e-01
1.020093381404876681e-01 1.062083244323730469e-01
1.020392909646034296e-01 1.063124909996986389e-01
1.020364016294479370e-01 1.062255278229713440e-01
1.020094648003578158e-01 1.060614362359046936e-01
1.018937975168228149e-01 1.059343814849853516e-01
1.018494106829166412e-01 1.057448238134384155e-01
1.017511367797851590e-01 1.055808886885643005e-01
1.016656875610351535e-01 1.053613945841789246e-01
1.016356058418750735e-01 1.051448583602905273e-01
1.015020169317722293e-01 1.050381362438201904e-01
1.014766924083232852e-01 1.049997657537460327e-01
1.014691978693008367e-01 1.049442812800407410e-01
1.013768158853054074e-01 1.046798825263977051e-01
1.012746930122375433e-01 1.044732704758644104e-01
1.011847838759422358e-01 1.042633876204490662e-01
1.010924279689788818e-01 1.039785742759704590e-01
1.009687483310699463e-01 1.035757362842559814e-01
1.009139567613601685e-01 1.031055748462677002e-01
1.008700221776962225e-01 1.027219519019126892e-01
1.008810445666313144e-01 1.024679690599441528e-01
1.008147276937961523e-01 1.023455336689949036e-01
1.007612772285938207e-01 1.023039519786834717e-01
1.007187545299530057e-01 1.022839322686195374e-01
1.006645500659942571e-01 1.022698432207107544e-01
1.006104290485382025e-01 1.023102551698684692e-01
1.005408406257629339e-01 1.023450642824172974e-01
1.004993855953216497e-01 1.023877263069152832e-01
1.004396259784698514e-01 1.023959591984748840e-01
1.003839328885078458e-01 1.024358868598937988e-01
1.003371000289916964e-01 1.025231480598449707e-01
1.003637939691543607e-01 1.025013849139213562e-01
1.002488180994987460e-01 1.023154184222221375e-01
1.002200797200202970e-01 1.021857783198356628e-01
1.001572608947753906e-01 1.020765900611877441e-01
1.000958010554313660e-01 1.018778234720230103e-01
1.000623658299446134e-01 1.017161533236503601e-01
1.000200003385543768e-01 1.016227081418037415e-01
9.996931925415993014e-02 1.015991866588592529e-01
9.991114586591720581e-02 1.016516983509063721e-01
9.983859434723854620e-02 1.018078178167343140e-01
9.980039447546004694e-02 1.020388230681419373e-01
9.975332692265510837e-02 1.022863313555717468e-01
9.975312352180480679e-02 1.025606468319892883e-01
9.975373148918151300e-02 1.028178930282592773e-01
9.988341331481934149e-02 1.029378250241279602e-01
9.978567510843276700e-02 1.028190255165100098e-01
9.973753839731216986e-02 1.027285605669021606e-01
9.968411177396774292e-02 1.027507260441780090e-01
9.966132789850234985e-02 1.028058081865310669e-01
9.962805062532424649e-02 1.027414947748184204e-01
9.959112703800201971e-02 1.026775538921356201e-01
9.953909963369370062e-02 1.026411727070808411e-01
9.950460195541381558e-02 1.025078445672988892e-01
9.942941814661025723e-02 1.022233143448829651e-01
9.931066632270812988e-02 1.018606722354888916e-01
9.927248060703278143e-02 1.014679893851280212e-01
9.912419617176056186e-02 1.011342331767082214e-01
9.907223135232925970e-02 1.007805019617080688e-01
9.899193048477172852e-02 1.004427894949913025e-01
9.901321232318878451e-02 1.001223102211952209e-01
9.905283972620963773e-02 9.992231428623199463e-02
9.897537380456924994e-02 9.982430934906005859e-02
9.894693493843079168e-02 9.975457191467285156e-02
9.890103712677955627e-02 9.977214783430099487e-02
9.885136485099792203e-02 9.984835982322692871e-02
9.881184697151183804e-02 9.981892257928848267e-02
9.872355088591575067e-02 9.971134364604949951e-02
9.866753518581390658e-02 9.969127178192138672e-02
9.860254675149918158e-02 9.974256157875061035e-02
9.852497503161430914e-02 9.988601505756378174e-02
9.847810864448547363e-02 1.001168712973594666e-01
9.839657098054885309e-02 1.003854349255561829e-01
9.846248030662536899e-02 1.006592512130737305e-01
9.848244488239288330e-02 1.007044911384582520e-01
9.838579595088958740e-02 1.005658134818077087e-01
9.831665903329848966e-02 1.004092693328857422e-01
9.825793430209159296e-02 1.001774370670318604e-01
9.818006753921508512e-02 9.991297870874404907e-02
9.816843569278717319e-02 9.966560453176498413e-02
9.812593534588813504e-02 9.956219047307968140e-02
9.805399179458618164e-02 9.962854534387588501e-02
9.800430610775948126e-02 9.980325400829315186e-02
9.795571565628051480e-02 9.999836981296539307e-02
9.802654385566711426e-02 1.001592501997947693e-01
9.795504063367843628e-02 1.001207754015922546e-01
9.791508913040161688e-02 9.992710500955581665e-02
9.782953709363936823e-02 9.958156943321228027e-02
9.774153530597687323e-02 9.923292696475982666e-02
9.775204434990883429e-02 9.894716739654541016e-02
9.763537645339966098e-02 9.873788803815841675e-02
9.757036864757537287e-02 9.844496101140975952e-02
9.764089584350585382e-02 9.815901517868041992e-02
9.760388284921646396e-02 9.801758080720901489e-02
9.757030382752418518e-02 9.800779074430465698e-02
9.749445617198944369e-02 9.809459745883941650e-02
9.749746620655060092e-02 9.808818995952606201e-02
9.736572653055190762e-02 9.793915599584579468e-02
9.736360460519791205e-02 9.783253818750381470e-02
9.729881137609482089e-02 9.784004837274551392e-02
9.729841649532318393e-02 9.782996773719787598e-02
9.721089601516723355e-02 9.775313735008239746e-02
9.714415818452834528e-02 9.776779264211654663e-02
9.707812219858169556e-02 9.777924418449401855e-02
9.703614711761474054e-02 9.777235239744186401e-02
9.698246493935584744e-02 9.776644408702850342e-02
9.690444767475128729e-02 9.788416326045989990e-02
9.683992862701415461e-02 9.809627383947372437e-02
9.683846831321715753e-02 9.834076464176177979e-02
9.683691561222076971e-02 9.845567494630813599e-02
9.677764326333999911e-02 9.848072379827499390e-02
9.676289558410644531e-02 9.849110245704650879e-02
9.671371728181839267e-02 9.840863943099975586e-02
9.668213427066803256e-02 9.826205670833587646e-02
9.656326472759246826e-02 9.789299964904785156e-02
9.655412808060645502e-02 9.753180295228958130e-02
9.644178599119186679e-02 9.725456684827804565e-02
9.648513346910476962e-02 9.704511612653732300e-02
9.638165533542633612e-02 9.695629030466079712e-02
9.633350074291228970e-02 9.681624919176101685e-02
9.634187370538711825e-02 9.669693559408187866e-02
9.626634716987610141e-02 9.671080857515335083e-02
9.620513767004013062e-02 9.677765518426895142e-02
9.613842740654945929e-02 9.691571444272994995e-02
9.607406258583069125e-02 9.716693311929702759e-02
9.604488462209700983e-02 9.745164960622787476e-02
9.606593400239944736e-02 9.767539054155349731e-02
9.605729877948761264e-02 9.772372245788574219e-02
9.600087851285935003e-02 9.763612598180770874e-02
9.595965966582298279e-02 9.756673872470855713e-02
9.590786546468735296e-02 9.752112627029418945e-02
9.587296843528747559e-02 9.733084589242935181e-02
9.587093666195870001e-02 9.705745428800582886e-02
9.573367089033127386e-02 9.691865742206573486e-02
9.572111070156097412e-02 9.682273119688034058e-02
9.565013498067856390e-02 9.681226313114166260e-02
9.561470076441765109e-02 9.677862375974655151e-02
9.559001922607421320e-02 9.671966731548309326e-02
9.553400129079818448e-02 9.654307365417480469e-02
9.547487050294875544e-02 9.634912759065628052e-02
9.546300470829009732e-02 9.618756920099258423e-02
9.538798481225967130e-02 9.611179679632186890e-02
9.535179734230041226e-02 9.605238586664199829e-02
9.530785977840423862e-02 9.603139758110046387e-02
9.526160061359405240e-02 9.598792344331741333e-02
9.524205923080444891e-02 9.584650397300720215e-02
9.520408511161804199e-02 9.560671448707580566e-02
9.513638764619827826e-02 9.548800438642501831e-02
9.509005844593047818e-02 9.538452327251434326e-02
9.504562765359877985e-02 9.524390846490859985e-02
9.501024037599563321e-02 9.515589475631713867e-02
9.496278762817382535e-02 9.509782493114471436e-02
9.492145478725433350e-02 9.497244656085968018e-02
9.488596320152282992e-02 9.479025751352310181e-02
9.484529942274093350e-02 9.467532485723495483e-02
9.480138123035430908e-02 9.457089751958847046e-02
9.475562572479248602e-02 9.440446645021438599e-02
9.471145123243332464e-02 9.416069090366363525e-02
9.473976641893386286e-02 9.393656253814697266e-02
9.472505599260330755e-02 9.377845376729965210e-02
9.473170638084411899e-02 9.365460276603698730e-02
9.471099525690078458e-02 9.362079203128814697e-02
9.461796656250953674e-02 9.372865408658981323e-02
9.446016848087310236e-02 9.400460869073867798e-02
9.438010752201080045e-02 9.436032176017761230e-02
9.426965415477753241e-02 9.469503909349441528e-02
9.429526925086975653e-02 9.493730217218399048e-02
9.419091641902924139e-02 9.504082053899765015e-02
9.422405064105987549e-02 9.503556787967681885e-02
9.411788582801819403e-02 9.480506181716918945e-02
9.406991004943847379e-02 9.459961205720901489e-02
9.401262998580932340e-02 9.452398121356964111e-02
9.398845434188843329e-02 9.442486613988876343e-02
9.393359422683715543e-02 9.418474137783050537e-02
9.384773373603820523e-02 9.414432197809219360e-02
9.378409236669540960e-02 9.419479966163635254e-02
9.373342990875244141e-02 9.416065365076065063e-02
9.370264708995819369e-02 9.413971006870269775e-02
9.363241419196129123e-02 9.427210688591003418e-02
9.364748448133468350e-02 9.441649168729782104e-02
9.364581108093261719e-02 9.426317363977432251e-02
9.359083473682403009e-02 9.392997622489929199e-02
9.345569908618926724e-02 9.372009336948394775e-02
9.341982454061507901e-02 9.352986514568328857e-02
9.336071684956551153e-02 9.344699978828430176e-02
9.330268502235412875e-02 9.342879056930541992e-02
9.325697049498557489e-02 9.344800561666488647e-02
9.320639371871948520e-02 9.356940537691116333e-02
9.320690035820007602e-02 9.372445940971374512e-02
9.316119700670241754e-02 9.371605515480041504e-02
9.312573894858360013e-02 9.367908537387847900e-02
9.308544844388962070e-02 9.365078806877136230e-02
9.306465834379196167e-02 9.357015043497085571e-02
9.298250079154968262e-02 9.360869973897933960e-02
9.294947534799576083e-02 9.364084899425506592e-02
9.298412501811981201e-02 9.357323497533798218e-02
9.283463954925537387e-02 9.318108856678009033e-02
9.280400350689888000e-02 9.276639670133590698e-02
9.266548454761505682e-02 9.238837659358978271e-02
9.264490380883216858e-02 9.195410460233688354e-02
9.268533661961556036e-02 9.163500368595123291e-02
9.262615591287612360e-02 9.141061455011367798e-02
9.264828562736511508e-02 9.119408577680587769e-02
9.273232966661452970e-02 9.115277975797653198e-02
9.256550669670104980e-02 9.133819490671157837e-02
9.245086908340453824e-02 9.157373756170272827e-02
9.238378405570983609e-02 9.178142249584197998e-02
9.225476533174514771e-02 9.199931472539901733e-02
9.222654402256011408e-02 9.230908751487731934e-02
9.222110360860824585e-02 9.250003844499588013e-02
9.216048866510391513e-02 9.253877401351928711e-02
9.211201667785644254e-02 9.251342713832855225e-02
9.207570180296897888e-02 9.249302744865417480e-02
9.202617704868316928e-02 9.249915927648544312e-02
9.198486655950546820e-02 9.228969365358352661e-02
9.187776148319244662e-02 9.187027812004089355e-02
9.181096851825713834e-02 9.145943075418472290e-02
9.181082099676132757e-02 9.118106961250305176e-02
9.170921891927719116e-02 9.108012169599533081e-02
9.165517091751099188e-02 9.099976718425750732e-02
9.164322465658188144e-02 9.097822755575180054e-02
9.157102555036544800e-02 9.108548611402511597e-02
9.150838404893875400e-02 9.105253219604492188e-02
9.144350290298461359e-02 9.089770168066024780e-02
9.139637947082519809e-02 9.071691334247589111e-02
9.135464727878570002e-02 9.061397612094879150e-02
9.128416478633880060e-02 9.060081839561462402e-02
9.122569859027862549e-02 9.059836715459823608e-02
9.118286967277526578e-02 9.058230370283126831e-02
9.112974256277084351e-02 9.058177471160888672e-02
9.103354811668395996e-02 9.078816324472427368e-02
9.108578860759734830e-02 9.098495543003082275e-02
9.097581207752228338e-02 9.094078838825225830e-02
9.092144444584845941e-02 9.086630493402481079e-02
9.087298884987830838e-02 9.086379408836364746e-02
9.081380665302277166e-02 9.096179902553558350e-02
9.080177545547485352e-02 9.094963222742080688e-02
9.075069278478622992e-02 9.081509709358215332e-02
9.067057445645332336e-02 9.075318276882171631e-02
9.061815291643142423e-02 9.065353870391845703e-02
9.055411219596862238e-02 9.045460075139999390e-02
9.051531404256821234e-02 9.028512984514236450e-02
9.043090268969536383e-02 9.026873856782913208e-02
9.039407670497894010e-02 9.024292230606079102e-02
9.032388180494307917e-02 9.007591754198074341e-02
9.025307223200798590e-02 8.990755677223205566e-02
9.023229181766509455e-02 8.982523530721664429e-02
9.012911841273307800e-02 9.005671739578247070e-02
9.012822806835174561e-02 9.044748544692993164e-02
9.010048657655715665e-02 9.067857265472412109e-02
9.018234610557555875e-02 9.064063429832458496e-02
9.004605188965797424e-02 9.024117141962051392e-02
8.995710462331771295e-02 8.992601186037063599e-02
8.982608914375304898e-02 8.969113975763320923e-02
8.977344632148742676e-02 8.946780115365982056e-02
8.967757672071456632e-02 8.937126398086547852e-02
8.961363658308982294e-02 8.926893770694732666e-02
8.953023552894592840e-02 8.899185806512832642e-02
8.954731747508049011e-02 8.873428404331207275e-02
8.941948860883712491e-02 8.859319984912872314e-02
8.932661265134811401e-02 8.829098194837570190e-02
8.925488889217376987e-02 8.804570138454437256e-02
8.926676437258720953e-02 8.794385194778442383e-02
8.912855982780457098e-02 8.809836953878402710e-02
8.906931430101394653e-02 8.826448023319244385e-02
8.897935748100280207e-02 8.838856220245361328e-02
8.893381506204604825e-02 8.849737793207168579e-02
8.885989263653755466e-02 8.851923793554306030e-02
8.878641724586486261e-02 8.854703605175018311e-02
8.873800039291382391e-02 8.841033279895782471e-02
8.869297206401824396e-02 8.823679387569427490e-02
8.857935965061188022e-02 8.814805746078491211e-02
8.848548829555510919e-02 8.788250386714935303e-02
8.837676048278808594e-02 8.767589926719665527e-02
8.827801644802094061e-02 8.742588013410568237e-02
8.822648674249648770e-02 8.718325942754745483e-02
8.812132924795150479e-02 8.698376268148422241e-02
8.810898363590240201e-02 8.682192862033843994e-02
8.794526457786559781e-02 8.693294227123260498e-02
8.788311481475830078e-02 8.692310005426406860e-02
8.778927251696586054e-02 8.680406957864761353e-02
8.767872825264930170e-02 8.690808713436126709e-02
8.763162940740584772e-02 8.706023544073104858e-02
8.753190487623214999e-02 8.712464570999145508e-02
8.744523078203200739e-02 8.735270798206329346e-02
8.741210550069808405e-02 8.753859996795654297e-02
8.747296631336212713e-02 8.726282417774200439e-02
8.728614151477813443e-02 8.652049303054809570e-02
8.704643249511719028e-02 8.590696752071380615e-02
8.694987520575522821e-02 8.524360507726669312e-02
8.686124384403229315e-02 8.458940684795379639e-02
8.687360882759094516e-02 8.393785357475280762e-02
8.728875219821929932e-02 8.348889648914337158e-02
8.727717399597167969e-02 8.335126936435699463e-02
8.719740435481071472e-02 8.343127369880676270e-02
8.690001368522644321e-02 8.380687981843948364e-02
8.649386018514633456e-02 8.432896435260772705e-02
8.627995401620865146e-02 8.494113385677337646e-02
8.604149073362350741e-02 8.553705364465713501e-02
8.598365336656570157e-02 8.620371669530868530e-02
8.595636636018752497e-02 8.698002994060516357e-02
8.612078726291656772e-02 8.789892494678497314e-02
8.631490468978882113e-02 8.864261209964752197e-02
8.661591708660125455e-02 8.916679769754409790e-02
8.672105669975280207e-02 8.858525007963180542e-02
8.641598075628280362e-02 8.725343644618988037e-02
8.577543348073959906e-02 8.575826883316040039e-02
8.528596982359885892e-02 8.419287949800491333e-02
8.506280928850173950e-02 8.296509087085723877e-02
8.517275750637054443e-02 8.224480599164962769e-02
8.512545526027678888e-02 8.186060935258865356e-02
8.514464497566223700e-02 8.148351311683654785e-02
8.531552031636238653e-02 8.121817559003829956e-02
8.523893654346466342e-02 8.113973587751388550e-02
8.498536795377731323e-02 8.107679337263107300e-02
8.468844145536422174e-02 8.139271289110183716e-02
8.416864275932312012e-02 8.230735361576080322e-02
8.378277122974395197e-02 8.379004895687103271e-02
8.381067588925361633e-02 8.575953543186187744e-02
8.444388061761856634e-02 8.772256970405578613e-02
8.528174459934234619e-02 8.862453699111938477e-02
8.559859991073608121e-02 8.788292855024337769e-02
8.525568768382071894e-02 8.614865690469741821e-02
8.422825336456299383e-02 8.411483466625213623e-02
8.333318829536437433e-02 8.183190971612930298e-02
8.298504650592804233e-02 8.014844357967376709e-02
8.332023024559020996e-02 7.925302535295486450e-02
8.400588333606720526e-02 7.885517179965972900e-02
8.431183099746704379e-02 7.870219647884368896e-02
8.416887819766998013e-02 7.868864387273788452e-02
8.372849822044373114e-02 7.883144915103912354e-02
8.301574662327766696e-02 7.921023666858673096e-02
8.248940929770469388e-02 8.005056530237197876e-02
8.228688612580299655e-02 8.093038946390151978e-02
8.212432116270065863e-02 8.116573095321655273e-02
8.198576271533966620e-02 8.073244988918304443e-02
8.176220804452896673e-02 7.981103658676147461e-02
8.159678280353546698e-02 7.874816656112670898e-02
8.159911185503006259e-02 7.798561453819274902e-02
8.180753961205482205e-02 7.755658030509948730e-02
8.185503482818604071e-02 7.733424007892608643e-02
8.182980269193648737e-02 7.720354199409484863e-02
8.157403692603111545e-02 7.762725651264190674e-02
8.108995556831359586e-02 7.895810902118682861e-02
8.052957057952880859e-02 8.103044331073760986e-02
8.109694868326186579e-02 8.380273729562759399e-02
8.246422111988067905e-02 8.424106985330581665e-02
8.216766119003296454e-02 8.192701637744903564e-02
8.133158758282661716e-02 7.992704957723617554e-02
8.057003021240234653e-02 7.868520915508270264e-02
8.028398156166076383e-02 7.790840417146682739e-02
8.021932020783424655e-02 7.762657850980758667e-02
8.006982207298278531e-02 7.786437869071960449e-02
7.997427284717559259e-02 7.829838246107101440e-02
7.990176975727081299e-02 7.868848741054534912e-02
7.986794561147689264e-02 7.914210855960845947e-02
7.990280687808989923e-02 7.939443737268447876e-02
7.993657886981964111e-02 7.846721261739730835e-02
7.976413965225219449e-02 7.693849503993988037e-02
7.952554225921630582e-02 7.629251480102539062e-02
7.947928160429000577e-02 7.616825401782989502e-02
7.934628725051880160e-02 7.649642974138259888e-02
7.910456582903861722e-02 7.749459147453308105e-02
7.888767644762992304e-02 7.952235639095306396e-02
7.929703593254089355e-02 8.206251263618469238e-02
8.029983490705490390e-02 8.334776759147644043e-02
8.086370974779129306e-02 8.274372667074203491e-02
8.041484504938126165e-02 8.067629486322402954e-02
7.933259308338165561e-02 7.761809229850769043e-02
7.873798161745071411e-02 7.533121109008789062e-02
7.855882495641708374e-02 7.423850893974304199e-02
7.909566760063171942e-02 7.371877878904342651e-02
7.954040691256522577e-02 7.357355207204818726e-02
7.948409318923950473e-02 7.377503812313079834e-02
7.880212292075157443e-02 7.491911202669143677e-02
7.770345360040664673e-02 7.832561433315277100e-02
7.899225950241088590e-02 8.200722932815551758e-02
7.968576550483703891e-02 8.230337500572204590e-02
7.970428019762039462e-02 8.023028075695037842e-02
7.881895154714584073e-02 7.700955122709274292e-02
7.819931358098983210e-02 7.545480877161026001e-02
7.775541096925735196e-02 7.541102170944213867e-02
7.763275355100632269e-02 7.584292441606521606e-02
7.751296460628509521e-02 7.597052305936813354e-02
7.743336856365204413e-02 7.587578892707824707e-02
7.738684117794036865e-02 7.581692934036254883e-02
7.728885114192962646e-02 7.612740993499755859e-02
7.726844698190689364e-02 7.615580409765243530e-02
7.713850438594818670e-02 7.527835667133331299e-02
7.709093168377875727e-02 7.415867596864700317e-02
7.721601799130439758e-02 7.378302514553070068e-02
7.717604637145995816e-02 7.410186529159545898e-02
7.699884548783302030e-02 7.476215809583663940e-02
7.687907963991165439e-02 7.504642754793167114e-02
7.668898552656173984e-02 7.492018491029739380e-02
7.660536393523216525e-02 7.537377625703811646e-02
7.647990584373473566e-02 7.641045004129409790e-02
7.652761712670326510e-02 7.737739384174346924e-02
7.666816487908363620e-02 7.769284397363662720e-02
7.672558575868607122e-02 7.756773382425308228e-02
7.661368548870087225e-02 7.741030305624008179e-02
7.650390565395355502e-02 7.647134363651275635e-02
7.606913149356842041e-02 7.432199269533157349e-02
7.633297517895698547e-02 7.256656140089035034e-02
7.679011002182960233e-02 7.197751104831695557e-02
7.734589055180549066e-02 7.213365286588668823e-02
7.673534452915191373e-02 7.382521778345108032e-02
7.653692513704299372e-02 7.676817476749420166e-02
7.617555260658263883e-02 7.770822197198867798e-02
7.611358314752578180e-02 7.665920257568359375e-02
7.570045217871665399e-02 7.494466751813888550e-02
7.572722733020782748e-02 7.347839325666427612e-02
7.574319988489150446e-02 7.324697822332382202e-02
7.569535821676254272e-02 7.386837154626846313e-02
7.547342553734778803e-02 7.492182403802871704e-02
7.541783601045608243e-02 7.529900223016738892e-02
7.526341006159782687e-02 7.486938685178756714e-02
7.519155070185661038e-02 7.507871091365814209e-02
7.508830353617668152e-02 7.591584324836730957e-02
7.515543773770332059e-02 7.732143253087997437e-02
7.548262923955917358e-02 7.883046567440032959e-02
7.602466046810149591e-02 7.748454064130783081e-02
7.513116896152496893e-02 7.408461719751358032e-02
7.494032233953476507e-02 7.192468643188476562e-02
7.559761255979538519e-02 7.133822143077850342e-02
7.592554688453674594e-02 7.155404984951019287e-02
7.559243068099022467e-02 7.226158678531646729e-02
7.502247318625450412e-02 7.380614429712295532e-02
7.450121641159057617e-02 7.593167573213577271e-02
7.452109605073928278e-02 7.820642739534378052e-02
7.525041773915290555e-02 7.988519966602325439e-02
7.605188786983489713e-02 7.883584499359130859e-02
7.513401210308075229e-02 7.463199645280838013e-02
7.499112933874130249e-02 7.153279334306716919e-02
7.499226555228233337e-02 7.078863680362701416e-02
7.570425868034362515e-02 7.108367979526519775e-02
7.521906048059463779e-02 7.270485907793045044e-02
7.438417524099349976e-02 7.423229515552520752e-02
7.398118153214454373e-02 7.538000494241714478e-02
7.420000806450843811e-02 7.612183690071105957e-02
7.424126788973808844e-02 7.537028938531875610e-02
7.400559633970260620e-02 7.416377216577529907e-02
7.387734800577164251e-02 7.319249957799911499e-02
7.380017489194870550e-02 7.245497405529022217e-02
7.412618026137351990e-02 7.199523597955703735e-02
7.386528104543685358e-02 7.297138869762420654e-02
7.353453934192658026e-02 7.451304793357849121e-02
7.350426167249679565e-02 7.660701125860214233e-02
7.460078150033951083e-02 7.633759826421737671e-02
7.357616424560546597e-02 7.265570759773254395e-02
7.308406978845596869e-02 7.016249746084213257e-02
7.459529638290404718e-02 6.911057978868484497e-02
7.661121338605880737e-02 6.883870810270309448e-02
7.761826515197753351e-02 6.898208707571029663e-02
7.637318074703217108e-02 7.028283923864364624e-02
7.453079521656036377e-02 7.413803040981292725e-02
7.263523042201995572e-02 7.915157079696655273e-02
7.514841407537460605e-02 8.184392005205154419e-02
7.694250345230102539e-02 7.992605119943618774e-02
7.524269521236419400e-02 7.591870427131652832e-02
7.326096594333648959e-02 7.243255525827407837e-02
7.315340265631675720e-02 7.088867574930191040e-02
7.353009283542633057e-02 7.126496732234954834e-02
7.329917848110198419e-02 7.292735576629638672e-02
7.278013080358505804e-02 7.389188557863235474e-02
7.279814034700393677e-02 7.455809414386749268e-02
7.289999052882194241e-02 7.506996393203735352e-02
7.300907075405120572e-02 7.494243234395980835e-02
7.295803800225257596e-02 7.435047626495361328e-02
7.275709211826324185e-02 7.351140677928924561e-02
7.288256064057349604e-02 7.338317483663558960e-02
7.257384359836578647e-02 7.422735542058944702e-02
7.264089882373810092e-02 7.401257753372192383e-02
7.263763844966888983e-02 7.364074140787124634e-02
7.245711907744407931e-02 7.389416545629501343e-02
7.269171327352523526e-02 7.314015179872512817e-02
7.232161313295364102e-02 7.113373279571533203e-02
7.225147783756255548e-02 7.021217793226242065e-02
7.268815487623214722e-02 7.032860070466995239e-02
7.252820432186127264e-02 7.136734575033187866e-02
7.195705622434615811e-02 7.264525443315505981e-02
7.191322743892669678e-02 7.454957067966461182e-02
7.214508876204490939e-02 7.557004690170288086e-02
7.263846248388290683e-02 7.487100362777709961e-02
7.203985452651977262e-02 7.195086777210235596e-02
7.150042876601218900e-02 7.006070762872695923e-02
7.256521880626679022e-02 6.970532238483428955e-02
7.191529422998428622e-02 7.168609648942947388e-02
7.118826285004616061e-02 7.579924911260604858e-02
7.223699763417243402e-02 7.863131910562515259e-02
7.426985204219818670e-02 7.639495283365249634e-02
7.260214239358901700e-02 7.098569720983505249e-02
7.130450606346130926e-02 6.883232295513153076e-02
7.243087142705917358e-02 6.807322055101394653e-02
7.333253920078278143e-02 6.805519014596939087e-02
7.318217009305953702e-02 6.869705021381378174e-02
7.208127528429031372e-02 7.015509903430938721e-02
7.120137214660644809e-02 7.251595705747604370e-02
7.129415720701218206e-02 7.401406019926071167e-02
7.139089256525039950e-02 7.287719845771789551e-02
7.095871418714523593e-02 7.063890993595123291e-02
7.099066972732544223e-02 6.961284577846527100e-02
7.115005105733870905e-02 6.968549638986587524e-02
7.107336223125457209e-02 7.025574892759323120e-02
7.079467922449111938e-02 7.070317864418029785e-02
7.063783854246138971e-02 7.105331867933273315e-02
7.053649351000786105e-02 7.162350416183471680e-02
7.060985863208771307e-02 7.211471349000930786e-02
7.044203579425811768e-02 7.120193541049957275e-02
7.039797306060791016e-02 7.013862580060958862e-02
7.044874429702759067e-02 6.996466219425201416e-02
7.041001319885253906e-02 7.038743793964385986e-02
7.028203010559082309e-02 7.071484625339508057e-02
7.015568763017654419e-02 7.111197710037231445e-02
7.015310525894165317e-02 7.166878134012222290e-02
7.004528343677521307e-02 7.154082506895065308e-02
6.998538821935654242e-02 7.124650478363037109e-02
6.998267248272896368e-02 7.087974250316619873e-02
6.983405202627182562e-02 7.105974853038787842e-02
6.979274302721023837e-02 7.144447416067123413e-02
6.970703154802322665e-02 7.253472506999969482e-02
6.982611119747161865e-02 7.373744994401931763e-02
7.014995291829109747e-02 7.381805777549743652e-02
7.006159424781799316e-02 7.196954637765884399e-02
6.972913146018981656e-02 6.982623785734176636e-02
6.946299374103545587e-02 6.867109239101409912e-02
6.988450884819030762e-02 6.793645024299621582e-02
7.026215493679047186e-02 6.798484176397323608e-02
7.017538249492645541e-02 6.944406777620315552e-02
6.898865103721618652e-02 7.386382669210433960e-02
6.996119618415833075e-02 7.760751247406005859e-02
7.190560027956963141e-02 7.822354137897491455e-02
7.235405743122100275e-02 7.507821172475814819e-02
6.973196268081664762e-02 6.936714053153991699e-02
6.872660368680953702e-02 6.639859825372695923e-02
7.120504006743430536e-02 6.547327339649200439e-02
7.288087755441666205e-02 6.572729349136352539e-02
7.094834223389626104e-02 6.800062954425811768e-02
6.987738162279129306e-02 7.319616526365280151e-02
6.950869560241698664e-02 7.640345394611358643e-02
7.138770520687102994e-02 7.649013400077819824e-02
7.114841043949127197e-02 7.281720638275146484e-02
6.939449235796928128e-02 6.853245943784713745e-02
6.855559051036834439e-02 6.637188047170639038e-02
6.960418373346329013e-02 6.549045443534851074e-02
7.073001116514206210e-02 6.534700840711593628e-02
7.079923003911972601e-02 6.622532010078430176e-02
6.985594481229781549e-02 6.901867687702178955e-02
6.825120225548744757e-02 7.214155048131942749e-02
6.929798573255538385e-02 7.430107146501541138e-02
7.024711668491363803e-02 7.273937016725540161e-02
6.906200349330901544e-02 6.881231814622879028e-02
6.816336140036582947e-02 6.631708145141601562e-02
6.874603480100631436e-02 6.526042520999908447e-02
7.012460678815841952e-02 6.509898602962493896e-02
7.010107338428497870e-02 6.576987355947494507e-02
6.894269138574600497e-02 6.713701784610748291e-02
6.774241328239441473e-02 6.985057145357131958e-02
6.781392917037010193e-02 7.391323149204254150e-02
7.036353945732116977e-02 7.447172701358795166e-02
6.984704285860061923e-02 7.079246640205383301e-02
6.814419105648994446e-02 6.822258979082107544e-02
6.820748075842857083e-02 6.761763989925384521e-02
6.767094656825065058e-02 6.860905140638351440e-02
6.750451177358626764e-02 7.010240107774734497e-02
6.772316023707389276e-02 7.233406603336334229e-02
6.842025369405746460e-02 7.285976409912109375e-02
6.854479908943175714e-02 7.146773487329483032e-02
6.784127354621886929e-02 6.895396113395690918e-02
6.730301678180694580e-02 6.664343178272247314e-02
6.730321198701857965e-02 6.524268537759780884e-02
6.822952330112456998e-02 6.449810415506362915e-02
6.908267885446547907e-02 6.453284621238708496e-02
6.875684186816215238e-02 6.547215580940246582e-02
6.790438890457153875e-02 6.744385510683059692e-02
6.663961112499236505e-02 7.016535103321075439e-02
6.718610897660255710e-02 7.370553165674209595e-02
6.874074339866638461e-02 7.433253526687622070e-02
6.909174621105193537e-02 7.232267409563064575e-02
6.771290078759192865e-02 6.953496485948562622e-02
6.695379391312598905e-02 6.659262627363204956e-02
6.662328094244003573e-02 6.515697389841079712e-02
6.766057610511780340e-02 6.502928584814071655e-02
6.733564883470535833e-02 6.618920713663101196e-02
6.658267527818680087e-02 6.744126230478286743e-02
6.625361740589141846e-02 6.902482360601425171e-02
6.637564375996589383e-02 7.113657146692276001e-02
6.701102256774901789e-02 7.259461283683776855e-02
6.765046417713165006e-02 7.270959764719009399e-02
6.765528842806815824e-02 7.126320898532867432e-02
6.682628840208053311e-02 6.856159120798110962e-02
6.619341224431991855e-02 6.611198186874389648e-02
6.646544337272644598e-02 6.548469513654708862e-02
6.624519899487495145e-02 6.613347679376602173e-02
6.591527611017226895e-02 6.731978058815002441e-02
6.582366675138473511e-02 6.946160644292831421e-02
6.604302227497101108e-02 7.053969800472259521e-02
6.633591651916503906e-02 7.024033367633819580e-02
6.610236465930938166e-02 6.799086928367614746e-02
6.536359041929244718e-02 6.512756645679473877e-02
6.561812683939934054e-02 6.368662416934967041e-02
6.695528328418731689e-02 6.325706094503402710e-02
6.764998435974120539e-02 6.342968344688415527e-02
6.702833473682404120e-02 6.454776972532272339e-02
6.541432738304138461e-02 6.862705945968627930e-02
6.510537639260291498e-02 7.346858084201812744e-02
6.744516342878341397e-02 7.615651190280914307e-02
6.977218389511108398e-02 7.514365017414093018e-02
6.888939887285232266e-02 7.044202834367752075e-02
6.591953933238983709e-02 6.625370681285858154e-02
6.498073041439056396e-02 6.415756791830062866e-02
6.539057195186614990e-02 6.374388188123703003e-02
6.529846340417862216e-02 6.445511430501937866e-02
6.480799391865729731e-02 6.592720746994018555e-02
6.480253562331199368e-02 6.750457733869552612e-02
6.498133093118667325e-02 6.743697077035903931e-02
6.465310007333754938e-02 6.557039916515350342e-02
6.445633918046951572e-02 6.360776722431182861e-02
6.496611610054969788e-02 6.288941204547882080e-02
6.549600735306740362e-02 6.346057355403900146e-02
6.430989280343055170e-02 6.630271673202514648e-02
6.481561362743377963e-02 6.973663717508316040e-02
6.522679626941681186e-02 6.935165077447891235e-02
6.493431329727172852e-02 6.690907478332519531e-02
6.415908113121986112e-02 6.482028216123580933e-02
6.414595693349837979e-02 6.397273391485214233e-02
6.406998932361603061e-02 6.461217254400253296e-02
6.381269916892051697e-02 6.643155962228775024e-02
6.411625444889068604e-02 6.761869788169860840e-02
6.422268152236938754e-02 6.730289757251739502e-02
6.406356468796729764e-02 6.654579937458038330e-02
6.375668495893478671e-02 6.507943570613861084e-02
6.352892741560936529e-02 6.344893574714660645e-02
6.370266675949096125e-02 6.258171796798706055e-02
6.414734274148940762e-02 6.262004375457763672e-02
6.380378603935241144e-02 6.392263621091842651e-02
6.335432901978492459e-02 6.637413054704666138e-02
6.347561925649643222e-02 6.843081116676330566e-02
6.440188586711884100e-02 6.765545159578323364e-02
6.339754536747932434e-02 6.417372822761535645e-02
6.280799657106399259e-02 6.197482720017433167e-02
6.403528302907943170e-02 6.116968393325805664e-02
6.585056558251381476e-02 6.101410090923309326e-02
6.629606261849403659e-02 6.130337342619895935e-02
6.488812193274498541e-02 6.252472847700119019e-02
6.284467577934264859e-02 6.551487743854522705e-02
6.301849484443663996e-02 6.895058602094650269e-02
6.398220211267471869e-02 6.936588138341903687e-02
6.424485817551613132e-02 6.765150278806686401e-02
6.325910985469818115e-02 6.457836925983428955e-02
6.244869232177734097e-02 6.141008436679840088e-02
6.420678347349166593e-02 6.076733022928237915e-02
6.415862590074539185e-02 6.183854117989540100e-02
6.246124804019927840e-02 6.575966626405715942e-02
6.302560493350028992e-02 6.911670416593551636e-02
6.402121782302856723e-02 6.843065470457077026e-02
6.348056644201278964e-02 6.555896997451782227e-02
6.235443800687789917e-02 6.317614018917083740e-02
6.192828938364982466e-02 6.169447675347328186e-02
6.219522953033447543e-02 6.083091720938682556e-02
6.292164549231529791e-02 6.049736589193344116e-02
6.324695795774459839e-02 6.115998700261116028e-02
6.176217198371887485e-02 6.424495577812194824e-02
6.167500689625739912e-02 6.904761493206024170e-02
6.386410444974899292e-02 7.125043123960494995e-02
6.496136337518691739e-02 6.875859200954437256e-02
6.285521313548088351e-02 6.374365091323852539e-02
6.115916371345520020e-02 6.049524247646331787e-02
6.238596960902213773e-02 5.953516066074371338e-02
6.434074491262435636e-02 5.946293473243713379e-02
6.428942829370498657e-02 5.998749658465385437e-02
6.253445520997047424e-02 6.164979934692382812e-02
6.135937646031379422e-02 6.434863805770874023e-02
6.123810037970543046e-02 6.614052504301071167e-02
6.182792857289313992e-02 6.537695229053497314e-02
6.155473589897155623e-02 6.303549557924270630e-02
6.090251058340072354e-02 6.195949390530586243e-02
6.078439652919769010e-02 6.128049641847610474e-02
6.101769655942916593e-02 6.113237515091896057e-02
6.078423783183097701e-02 6.212831661105155945e-02
6.083454936742782593e-02 6.268259882926940918e-02
6.055911481380462508e-02 6.246042624115943909e-02
6.042932569980621199e-02 6.258601695299148560e-02
6.036933213472366055e-02 6.246111169457435608e-02
6.033495962619781633e-02 6.266254186630249023e-02
6.026375070214271684e-02 6.237224489450454712e-02
6.014439910650253018e-02 6.149291247129440308e-02
6.044536903500556668e-02 6.116623058915138245e-02
6.025248616933822493e-02 6.179271265864372253e-02
5.997771173715591569e-02 6.189600378274917603e-02
5.986981540918349942e-02 6.148476153612136841e-02
5.977450758218764981e-02 6.083941832184791565e-02
5.979646444320678433e-02 6.019460037350654602e-02
5.994453132152557234e-02 5.965263023972511292e-02
6.060565933585167209e-02 5.994597077369689941e-02
6.008939743041992465e-02 6.203262135386466980e-02
5.942114368081093112e-02 6.388677656650543213e-02
5.989930629730224471e-02 6.429085880517959595e-02
5.995671451091766357e-02 6.319835782051086426e-02
5.951938480138778409e-02 6.243027374148368835e-02
5.927403122186660628e-02 6.169544532895088196e-02
