   0.0000000e+00   1.0000000e+01   1.9000000e+00   2.3000000e+00
   5.0000000e-03   1.0000000e+01   1.9000000e+00   2.1863403e+00
   1.0000000e-02   1.0000000e+01   1.9000000e+00   1.9801598e+00
   1.5000000e-02   1.0000000e+01   1.9000000e+00   1.8687701e+00
   2.0000000e-02   1.0000000e+01   1.9000000e+00   1.7827776e+00
   2.5000000e-02   1.0000000e+01   1.9000000e+00   1.7090290e+00
   3.0000000e-02   1.0000000e+01   1.9000000e+00   1.6535012e+00
   3.5000000e-02   1.0000000e+01   1.9000000e+00   1.5964914e+00
   4.0000000e-02   1.0000000e+01   1.9000000e+00   1.5520455e+00
   4.5000000e-02   1.0000000e+01   1.9000000e+00   1.5059806e+00
   5.0000000e-02   1.0000000e+01   1.9000000e+00   1.4649042e+00
   5.5000000e-02   1.0000000e+01   1.9000000e+00   1.4261054e+00
   6.0000000e-02   1.0000000e+01   1.9000000e+00   1.3862541e+00
   6.5000000e-02   1.0000000e+01   1.9000000e+00   1.3508583e+00
   7.0000000e-02   1.0000000e+01   1.9000000e+00   1.3121468e+00
   7.5000000e-02   1.0000000e+01   1.9000000e+00   1.2770065e+00
   8.0000000e-02   1.0000000e+01   1.9000000e+00   1.2391852e+00
   8.5000000e-02   1.0000000e+01   1.9000000e+00   1.2026306e+00
   9.0000000e-02   1.0000000e+01   1.9000000e+00   1.1646654e+00
   9.5000000e-02   1.0000000e+01   1.9000000e+00   1.1260934e+00
   1.0000000e-01   1.0000000e+01   1.9000000e+00   1.0866236e+00
   1.0500000e-01   1.0000000e+01   1.9000000e+00   1.0456844e+00
   1.1000000e-01   1.0000000e+01   1.9000000e+00   1.0036142e+00
   1.1500000e-01   1.0000000e+01   1.9000000e+00   9.5979960e-01
   1.2000000e-01   0.0000000e+00   1.9000000e+00   9.7498155e-01
   1.2500000e-01   0.0000000e+00   1.9000000e+00   1.0645988e+00
   1.3000000e-01   0.0000000e+00   1.9000000e+00   1.1717298e+00
   1.3500000e-01   0.0000000e+00   1.9000000e+00   1.2885706e+00
   1.4000000e-01   0.0000000e+00   1.9000000e+00   1.4176499e+00
   1.4500000e-01   0.0000000e+00   1.9000000e+00   1.5581056e+00
   1.5000000e-01   0.0000000e+00   1.9000000e+00   1.6988166e+00
   1.5500000e-01   0.0000000e+00   1.9000000e+00   1.8406340e+00
   1.6000000e-01   1.0000000e+01   1.9000000e+00   1.9023512e+00
   1.6500000e-01   1.0000000e+01   1.9000000e+00   1.8394501e+00
   1.7000000e-01   1.0000000e+01   1.9000000e+00   1.7482034e+00
   1.7500000e-01   1.0000000e+01   1.9000000e+00   1.6865555e+00
   1.8000000e-01   1.0000000e+01   1.9000000e+00   1.6292016e+00
   1.8500000e-01   1.0000000e+01   1.9000000e+00   1.5778479e+00
   1.9000000e-01   1.0000000e+01   1.9000000e+00   1.5330368e+00
   1.9500000e-01   1.0000000e+01   1.9000000e+00   1.4887121e+00
   2.0000000e-01   1.0000000e+01   1.9000000e+00   1.4491621e+00
   2.0500000e-01   1.0000000e+01   1.9000000e+00   1.4095143e+00
   2.1000000e-01   1.0000000e+01   1.9000000e+00   1.3719245e+00
   2.1500000e-01   1.0000000e+01   1.9000000e+00   1.3349258e+00
   2.2000000e-01   1.0000000e+01   1.9000000e+00   1.2978347e+00
   2.2500000e-01   1.0000000e+01   1.9000000e+00   1.2616170e+00
   2.3000000e-01   1.0000000e+01   1.9000000e+00   1.2242315e+00
   2.3500000e-01   1.0000000e+01   1.9000000e+00   1.1873189e+00
   2.4000000e-01   1.0000000e+01   1.9000000e+00   1.1488749e+00
   2.4500000e-01   1.0000000e+01   1.9000000e+00   1.1102537e+00
   2.5000000e-01   1.0000000e+01   1.9000000e+00   1.0698847e+00
   2.5500000e-01   1.0000000e+01   1.9000000e+00   1.0288407e+00
   2.6000000e-01   1.0000000e+01   1.9000000e+00   9.8572287e-01
   2.6500000e-01   1.0000000e+01   1.9000000e+00   9.4167838e-01
   2.7000000e-01   1.0000000e+01   1.9000000e+00   8.9519855e-01
   2.7500000e-01   1.0000000e+01   1.9000000e+00   8.4771310e-01
   2.8000000e-01   1.0000000e+01   1.9000000e+00   7.9758361e-01
   2.8500000e-01   0.0000000e+00   1.9000000e+00   8.0291004e-01
   2.9000000e-01   0.0000000e+00   1.9000000e+00   8.6792575e-01
   2.9500000e-01   0.0000000e+00   1.9000000e+00   9.4823188e-01
   3.0000000e-01   0.0000000e+00   1.9000000e+00   1.0356948e+00
   3.0500000e-01   0.0000000e+00   1.9000000e+00   1.1370474e+00
   3.1000000e-01   0.0000000e+00   1.9000000e+00   1.2517579e+00
   3.1500000e-01   0.0000000e+00   1.9000000e+00   1.3768560e+00
   3.2000000e-01   0.0000000e+00   1.9000000e+00   1.5147874e+00
   3.2500000e-01   1.0000000e+01   1.9000000e+00   1.5887674e+00
   3.3000000e-01   1.0000000e+01   1.9000000e+00   1.5561035e+00
   3.3500000e-01   1.0000000e+01   1.9000000e+00   1.5043742e+00
   3.4000000e-01   1.0000000e+01   1.9000000e+00   1.4662829e+00
   3.4500000e-01   1.0000000e+01   1.9000000e+00   1.4258156e+00
   3.5000000e-01   1.0000000e+01   1.9000000e+00   1.3870667e+00
   3.5500000e-01   1.0000000e+01   1.9000000e+00   1.3507688e+00
   3.6000000e-01   1.0000000e+01   1.9000000e+00   1.3127514e+00
   3.6500000e-01   1.0000000e+01   1.9000000e+00   1.2768753e+00
   3.7000000e-01   1.0000000e+01   1.9000000e+00   1.2396458e+00
   3.7500000e-01   1.0000000e+01   1.9000000e+00   1.2023876e+00
   3.8000000e-01   1.0000000e+01   1.9000000e+00   1.1650393e+00
   3.8500000e-01   1.0000000e+01   1.9000000e+00   1.1256787e+00
   3.9000000e-01   1.0000000e+01   1.9000000e+00   1.0869486e+00
   3.9500000e-01   1.0000000e+01   1.9000000e+00   1.0450543e+00
   4.0000000e-01   1.0000000e+01   1.9000000e+00   1.0038705e+00
   4.0500000e-01   1.0000000e+01   1.9000000e+00   9.5893374e-01
   4.1000000e-01   1.0000000e+01   1.9000000e+00   9.1459705e-01
   4.1500000e-01   1.0000000e+01   1.9000000e+00   8.6610554e-01
   4.2000000e-01   1.0000000e+01   1.9000000e+00   8.1823629e-01
   4.2500000e-01   1.0000000e+01   1.9000000e+00   7.6595193e-01
   4.3000000e-01   1.0000000e+01   1.9000000e+00   7.1440093e-01
   4.3500000e-01   1.0000000e+01   1.9000000e+00   6.5608307e-01
   4.4000000e-01   0.0000000e+00   1.9000000e+00   6.5684293e-01
   4.4500000e-01   0.0000000e+00   1.9000000e+00   6.9685863e-01
   4.5000000e-01   0.0000000e+00   1.9000000e+00   7.5901440e-01
   4.5500000e-01   0.0000000e+00   1.9000000e+00   8.1539808e-01
   4.6000000e-01   0.0000000e+00   1.9000000e+00   8.8908255e-01
   4.6500000e-01   0.0000000e+00   1.9000000e+00   9.6752357e-01
   4.7000000e-01   0.0000000e+00   1.9000000e+00   1.0601839e+00
   4.7500000e-01   0.0000000e+00   1.9000000e+00   1.1637479e+00
   4.8000000e-01   0.0000000e+00   1.9000000e+00   1.2813061e+00
   4.8500000e-01   0.0000000e+00   1.9000000e+00   1.4093461e+00
   4.9000000e-01   0.0000000e+00   1.9000000e+00   1.5483124e+00
   4.9500000e-01   0.0000000e+00   1.9000000e+00   1.6888479e+00
   5.0000000e-01   0.0000000e+00   1.9000000e+00   1.8295909e+00
