4.049300956726074041e+00 3.757387876510620117e+00
3.998903512954711914e+00 3.688783884048461914e+00
3.933178329467773349e+00 3.621040821075439453e+00
3.870207595825195135e+00 3.549735307693481445e+00
3.802485561370849698e+00 3.475023984909057617e+00
3.732300758361816406e+00 3.395144224166870117e+00
3.654402446746826350e+00 3.303945064544677734e+00
3.563198947906494052e+00 3.211376190185546875e+00
3.469508647918701172e+00 3.121800422668457031e+00
3.379331159591674627e+00 3.032035827636718750e+00
3.289489603042602628e+00 2.940970659255981445e+00
3.197951316833496094e+00 2.849236488342285156e+00
3.105048704147338690e+00 2.756960630416870117e+00
3.010401964187622070e+00 2.664103984832763672e+00
2.916569805145263761e+00 2.569983959197998047e+00
2.818761920928955167e+00 2.475620746612548828e+00
2.721722793579101740e+00 2.381569385528564453e+00
2.623788785934448420e+00 2.287191629409790039e+00
2.526264476776122869e+00 2.193524599075317383e+00
2.427203750610351651e+00 2.101469755172729492e+00
2.328109884262084872e+00 2.010240554809570312e+00
2.232393407821655185e+00 1.919361829757690430e+00
2.137462687492370783e+00 1.830703973770141602e+00
2.042886352539062589e+00 1.744426608085632324e+00
1.950440049171447754e+00 1.660970091819763184e+00
1.860673642158508390e+00 1.579264998435974121e+00
1.770366477966308638e+00 1.499672770500183105e+00
1.686686301231384189e+00 1.422551274299621582e+00
1.606032896041870162e+00 1.348564147949218750e+00
1.523094224929809615e+00 1.278229117393493652e+00
1.446471786499023526e+00 1.210621953010559082e+00
1.371416854858398482e+00 1.145025014877319336e+00
1.300857138633727983e+00 1.081625938415527344e+00
1.231288075447082520e+00 1.020867586135864258e+00
1.165501344203949019e+00 9.629921913146972656e-01
1.099691390991210938e+00 9.079461693763732910e-01
1.040677320957183793e+00 8.556300997734069824e-01
9.824609875679015669e-01 8.063761591911315918e-01
9.271029114723206010e-01 7.598829269409179688e-01
8.755434870719909224e-01 7.159855961799621582e-01
8.249204397201538308e-01 6.745299100875854492e-01
7.808920562267303023e-01 6.355522871017456055e-01
7.356489419937133345e-01 5.995226502418518066e-01
6.940519809722900391e-01 5.657175779342651367e-01
6.565234482288360152e-01 5.340422987937927246e-01
6.193925738334655762e-01 5.045942068099975586e-01
5.853080391883850320e-01 4.769505858421325684e-01
5.531338572502135786e-01 4.510971903800964355e-01
5.232100605964660200e-01 4.270113706588745117e-01
4.954561471939086803e-01 4.048611819744110107e-01
4.684425473213195690e-01 3.844919502735137939e-01
4.433693289756774902e-01 3.654661476612091064e-01
4.222974538803100364e-01 3.478598594665527344e-01
4.008275508880615456e-01 3.321327269077301025e-01
3.809983491897582786e-01 3.179630935192108154e-01
3.638962507247924805e-01 3.051466047763824463e-01
3.483807027339935192e-01 2.937827706336975098e-01
3.344554483890533336e-01 2.839408814907073975e-01
3.202759742736816517e-01 2.752412557601928711e-01
3.088946521282195934e-01 2.671580016613006592e-01
2.984903275966644398e-01 2.597438395023345947e-01
2.883896172046661599e-01 2.530317008495330811e-01
2.799867242574691772e-01 2.470532655715942383e-01
2.713546454906463623e-01 2.418599575757980347e-01
2.641594231128692738e-01 2.372865378856658936e-01
2.576005488634109386e-01 2.332990318536758423e-01
2.510325282812118641e-01 2.297291457653045654e-01
2.457332313060760498e-01 2.264045178890228271e-01
2.405802577733993641e-01 2.233746051788330078e-01
2.353873670101165883e-01 2.206063866615295410e-01
2.309886634349823109e-01 2.180678099393844604e-01
2.269715249538421520e-01 2.158524394035339355e-01
2.225446015596389826e-01 2.139540314674377441e-01
2.193838775157928578e-01 2.123266160488128662e-01
2.164188861846923773e-01 2.110149711370468140e-01
2.130918920040130726e-01 2.099688500165939331e-01
2.110584735870361384e-01 2.091341912746429443e-01
2.092052102088928223e-01 2.085051238536834717e-01
2.069893300533294789e-01 2.080229073762893677e-01
2.055115312337875422e-01 2.076456546783447266e-01
2.041778326034545954e-01 2.073552608489990234e-01
2.029877305030822754e-01 2.071364372968673706e-01
2.019104361534118652e-01 2.069845497608184814e-01
2.010387122631072943e-01 2.068862169981002808e-01
2.001973569393157848e-01 2.068280428647994995e-01
1.992413848638534546e-01 2.068145722150802612e-01
1.989691495895385687e-01 2.068416625261306763e-01
1.983542561531067006e-01 2.067994028329849243e-01
1.976845443248748668e-01 2.066905945539474487e-01
1.972793221473693737e-01 2.065668106079101562e-01
1.968112349510192927e-01 2.064558416604995728e-01
1.964633941650390514e-01 2.063989639282226562e-01
1.960218280553817638e-01 2.063800841569900513e-01
1.959238111972808893e-01 2.063599824905395508e-01
1.953503414988517761e-01 2.062707543373107910e-01
1.949667096138000544e-01 2.062740772962570190e-01
1.947821170091628973e-01 2.063290029764175415e-01
1.946006119251251221e-01 2.062577903270721436e-01
1.941331744194030873e-01 2.060509473085403442e-01
1.938670188188552912e-01 2.058486491441726685e-01
1.936140269041061457e-01 2.056742012500762939e-01
1.933352366089820806e-01 2.055465877056121826e-01
1.931850850582122747e-01 2.053850740194320679e-01
1.928414165973663386e-01 2.050619870424270630e-01
1.925698995590209850e-01 2.046629190444946289e-01
1.923519998788833507e-01 2.042474448680877686e-01
1.921257585287094172e-01 2.038872987031936646e-01
1.918656751513481140e-01 2.036035954952239990e-01
1.915969848632812500e-01 2.033635228872299194e-01
1.913261681795120350e-01 2.031365334987640381e-01
1.910409957170486339e-01 2.029382884502410889e-01
1.907761275768279918e-01 2.027525454759597778e-01
1.905075937509536632e-01 2.025380730628967285e-01
1.901993632316589244e-01 2.022182196378707886e-01
1.898927628993987982e-01 2.018246054649353027e-01
1.895795553922653143e-01 2.014007568359375000e-01
1.892588615417480358e-01 2.009653747081756592e-01
1.889254689216613714e-01 2.004985213279724121e-01
1.886396035552024841e-01 2.000393122434616089e-01
1.882059842348098866e-01 1.996746361255645752e-01
1.878295555710792486e-01 1.993216276168823242e-01
1.874050199985504150e-01 1.989903301000595093e-01
1.869603008031845148e-01 1.986739784479141235e-01
1.864906325936317444e-01 1.983895450830459595e-01
1.860109478235244806e-01 1.981717795133590698e-01
1.855279535055160411e-01 1.979220658540725708e-01
1.850430369377136230e-01 1.975374072790145874e-01
1.844461739063262828e-01 1.969545185565948486e-01
1.838043570518493597e-01 1.962052136659622192e-01
1.830221354961395208e-01 1.953635513782501221e-01
1.822742149233818054e-01 1.943787783384323120e-01
1.813475146889686473e-01 1.934326291084289551e-01
1.804080784320831188e-01 1.923998594284057617e-01
1.794035583734512329e-01 1.911719888448715210e-01
1.782543569803237971e-01 1.899580359458923340e-01
1.770167291164398138e-01 1.885685324668884277e-01
1.756117165088653675e-01 1.867984831333160400e-01
1.739717125892639160e-01 1.845550984144210815e-01
1.723666995763778742e-01 1.819693744182586670e-01
1.705289840698242243e-01 1.794456988573074341e-01
1.684730082750320324e-01 1.770369112491607666e-01
1.664050966501235962e-01 1.746525317430496216e-01
1.644105315208435059e-01 1.722375452518463135e-01
1.625454381108283886e-01 1.698482483625411987e-01
1.605968907475471552e-01 1.676564216613769531e-01
1.586318403482437078e-01 1.656460762023925781e-01
1.569275319576263483e-01 1.637201458215713501e-01
1.552044302225112915e-01 1.619071811437606812e-01
1.536576479673385509e-01 1.601942926645278931e-01
1.521046280860900990e-01 1.585296094417572021e-01
1.507001519203186035e-01 1.568617373704910278e-01
1.495656594634056091e-01 1.553754806518554688e-01
1.482908964157104437e-01 1.541281789541244507e-01
1.473020523786544855e-01 1.530294418334960938e-01
1.462588906288146973e-01 1.521354466676712036e-01
1.453548729419708307e-01 1.513859778642654419e-01
1.445578306913375966e-01 1.506953537464141846e-01
1.437160685658454840e-01 1.500498950481414795e-01
1.430038645863533076e-01 1.495242416858673096e-01
1.423417329788208008e-01 1.491273194551467896e-01
1.417296022176742498e-01 1.487336605787277222e-01
1.410918660461902563e-01 1.483280360698699951e-01
1.404874876141548046e-01 1.479971855878829956e-01
1.399936988949775640e-01 1.477284878492355347e-01
1.394523188471794017e-01 1.475385427474975586e-01
1.389523267745971791e-01 1.474210023880004883e-01
1.385662481188774109e-01 1.473592966794967651e-01
1.382262438535690197e-01 1.472786366939544678e-01
1.377919480204582159e-01 1.471421718597412109e-01
1.374710127711296082e-01 1.469748318195343018e-01
1.371074527502059992e-01 1.467769593000411987e-01
1.367907688021659796e-01 1.466019302606582642e-01
1.365051433444023077e-01 1.465079188346862793e-01
1.361800372600555364e-01 1.464710980653762817e-01
1.359663769602775518e-01 1.464778631925582886e-01
1.357120782136917170e-01 1.464609503746032715e-01
1.355426520109176691e-01 1.463931500911712646e-01
1.353455126285552923e-01 1.461260765790939331e-01
1.349892914295196533e-01 1.455575227737426758e-01
1.347231268882751465e-01 1.448657214641571045e-01
1.343386888504028431e-01 1.442133784294128418e-01
1.341248989105224554e-01 1.435497105121612549e-01
1.339848831295967213e-01 1.430220305919647217e-01
1.336793586611747797e-01 1.426281183958053589e-01
1.334426879882812389e-01 1.422273516654968262e-01
1.332388013601303045e-01 1.417834013700485229e-01
1.331485673785209600e-01 1.414189934730529785e-01
1.328923098742961773e-01 1.411783695220947266e-01
1.326399192214012257e-01 1.410073339939117432e-01
1.323882408440112957e-01 1.409140825271606445e-01
1.321387350559234675e-01 1.408840417861938477e-01
1.320146620273590088e-01 1.408027112483978271e-01
1.316754400730132946e-01 1.405624598264694214e-01
1.314265102148056141e-01 1.402248740196228027e-01
1.312163919210433960e-01 1.398442685604095459e-01
1.310561478137969860e-01 1.394800692796707153e-01
1.308541536331176702e-01 1.391551345586776733e-01
1.306508153676986805e-01 1.388112157583236694e-01
1.304789572954177801e-01 1.384674012660980225e-01
1.303860321640968323e-01 1.381599754095077515e-01
1.301964879035949763e-01 1.378970444202423096e-01
1.301043108105659485e-01 1.376456171274185181e-01
1.299003690481185802e-01 1.374592930078506470e-01
1.297294497489929199e-01 1.372635066509246826e-01
1.295314967632293646e-01 1.370380967855453491e-01
1.293502941727638356e-01 1.367928981781005859e-01
1.291922464966774042e-01 1.365765929222106934e-01
1.289990961551666371e-01 1.363694816827774048e-01
1.288074254989624023e-01 1.361398696899414062e-01
1.286211937665939220e-01 1.359043121337890625e-01
1.284612223505973705e-01 1.357031166553497314e-01
1.282585084438324086e-01 1.355312615633010864e-01
1.280399948358535711e-01 1.353533864021301270e-01
1.278129667043685913e-01 1.352308392524719238e-01
1.275486543774604908e-01 1.352011263370513916e-01
1.273209273815155140e-01 1.352017819881439209e-01
1.270546227693557795e-01 1.351852267980575562e-01
1.267895795404911097e-01 1.351903229951858521e-01
1.265724599361419678e-01 1.352464407682418823e-01
1.263995468616485596e-01 1.352872252464294434e-01
1.261618122458458002e-01 1.353078037500381470e-01
1.260724216699600220e-01 1.352686434984207153e-01
1.258060783147811890e-01 1.350933164358139038e-01
1.256253033876419123e-01 1.349343955516815186e-01
1.254389211535453796e-01 1.348014324903488159e-01
1.252348586916923467e-01 1.347442865371704102e-01
1.251317664980888256e-01 1.346431523561477661e-01
1.249192848801612826e-01 1.344711035490036011e-01
1.247767239809036283e-01 1.342963576316833496e-01
1.245555341243743952e-01 1.339813321828842163e-01
1.243661433458328192e-01 1.336242109537124634e-01
1.241909772157669123e-01 1.332257539033889771e-01
1.240228980779647799e-01 1.328215897083282471e-01
1.238989934325218228e-01 1.324464082717895508e-01
1.237044036388397217e-01 1.320885717868804932e-01
1.235470414161682073e-01 1.316763609647750854e-01
1.234249383211135920e-01 1.312615424394607544e-01
1.233576893806457575e-01 1.308962404727935791e-01
1.232512831687927191e-01 1.306225806474685669e-01
1.231291770935058622e-01 1.304481476545333862e-01
1.229329455643892316e-01 1.303874701261520386e-01
1.227652817964553777e-01 1.303812563419342041e-01
1.225254505872726413e-01 1.303682774305343628e-01
1.223762422800064031e-01 1.303689032793045044e-01
1.221608549356460599e-01 1.303516924381256104e-01
1.221087872982025146e-01 1.303268074989318848e-01
1.218386426568031367e-01 1.301426291465759277e-01
1.216886192560195923e-01 1.299201250076293945e-01
1.215800248086452429e-01 1.297458410263061523e-01
1.214196801185607882e-01 1.296122670173645020e-01
1.212632209062576294e-01 1.294487863779067993e-01
1.211488008499145563e-01 1.292468011379241943e-01
1.209361940622329656e-01 1.289228051900863647e-01
1.208084970712661743e-01 1.285850107669830322e-01
1.206707969307899420e-01 1.282442063093185425e-01
1.206425338983535822e-01 1.279474347829818726e-01
1.204561114311218234e-01 1.277699321508407593e-01
1.203137516975402860e-01 1.275991499423980713e-01
1.201703138649463654e-01 1.274162232875823975e-01
1.199995718896389035e-01 1.273270249366760254e-01
1.199092745780944852e-01 1.272518634796142578e-01
1.196491718292236328e-01 1.271093338727951050e-01
1.195150837302207947e-01 1.270001679658889771e-01
1.193444117903709467e-01 1.269237399101257324e-01
1.191559463739395169e-01 1.269335746765136719e-01
1.189667224884033148e-01 1.269851922988891602e-01
1.189551651477813721e-01 1.269822418689727783e-01
1.186552301049232511e-01 1.268547624349594116e-01
1.185228973627090454e-01 1.267192363739013672e-01
1.183808870613574926e-01 1.265591084957122803e-01
1.182322174310684176e-01 1.264389753341674805e-01
1.180779129266738836e-01 1.262702494859695435e-01
1.179570227861404391e-01 1.260792762041091919e-01
1.178050577640533392e-01 1.258435696363449097e-01
1.176552981138229426e-01 1.255116760730743408e-01
1.176432743668556213e-01 1.252362728118896484e-01
1.174425259232521057e-01 1.250961422920227051e-01
1.173135697841644343e-01 1.249620914459228516e-01
1.171602472662925665e-01 1.248206421732902527e-01
1.170271635055541992e-01 1.246703341603279114e-01
1.168961316347122137e-01 1.245286911725997925e-01
1.167648881673812866e-01 1.243961155414581299e-01
1.166000843048095731e-01 1.242030113935470581e-01
1.165109887719154302e-01 1.240308359265327454e-01
1.163597166538238581e-01 1.239289492368698120e-01
1.161915890872478457e-01 1.238031461834907532e-01
1.160455971956253080e-01 1.237024664878845215e-01
1.159047186374664307e-01 1.235210001468658447e-01
1.157553732395172064e-01 1.232605949044227600e-01
1.156220376491546575e-01 1.229834631085395813e-01
1.154805421829223633e-01 1.226616352796554565e-01
1.154873207211494501e-01 1.223580688238143921e-01
1.153686903417110443e-01 1.222014352679252625e-01
1.152192413806915339e-01 1.221232637763023376e-01
1.150975413620471954e-01 1.220704019069671631e-01
1.149232335388660486e-01 1.221235916018486023e-01
1.148655235767364474e-01 1.221663802862167358e-01
1.146164774894714300e-01 1.221079602837562561e-01
1.144852235913276645e-01 1.220871433615684509e-01
1.143469341099262182e-01 1.221507266163825989e-01
1.142348289489746038e-01 1.222863271832466125e-01
1.140768177807331141e-01 1.224170252680778503e-01
1.139847993850708063e-01 1.225911974906921387e-01
1.139270424842834528e-01 1.226619184017181396e-01
1.137970179319381658e-01 1.225989907979965210e-01
1.137000009417533930e-01 1.224688887596130371e-01
1.136004284024238614e-01 1.223075240850448608e-01
1.134960018098354340e-01 1.221896484494209290e-01
1.133641183376312284e-01 1.221373081207275391e-01
1.132661640644073431e-01 1.221455931663513184e-01
1.131563186645507812e-01 1.222157478332519531e-01
1.130615100264549255e-01 1.222702637314796448e-01
1.130009219050407410e-01 1.222915053367614746e-01
1.129466772079467801e-01 1.219806894659996033e-01
1.128098160028457586e-01 1.214780136942863464e-01
1.125614285469055120e-01 1.211562082171440125e-01
1.124257296323776245e-01 1.208884865045547485e-01
1.122870847582817105e-01 1.206667497754096985e-01
1.121609486639499609e-01 1.204847916960716248e-01
1.120375290513038607e-01 1.203271895647048950e-01
1.119262821972370203e-01 1.201972141861915588e-01
1.117877095937728910e-01 1.201644241809844971e-01
1.116940766572952215e-01 1.200932040810585022e-01
1.115814894437789917e-01 1.199373975396156311e-01
1.114861264824867221e-01 1.197861358523368835e-01
1.113672375679016086e-01 1.196946278214454651e-01
1.112519353628158569e-01 1.195372864603996277e-01
1.111499220132827759e-01 1.194410845637321472e-01
1.110267966985702542e-01 1.194283738732337952e-01
1.109372772276401575e-01 1.194584593176841736e-01
1.108643740415573148e-01 1.195308938622474670e-01
1.107647359371185247e-01 1.195543631911277771e-01
1.107037022709846524e-01 1.196202561259269714e-01
1.106733977794647217e-01 1.195206418633460999e-01
1.105280987918376978e-01 1.192484572529792786e-01
1.103948742151260320e-01 1.190073192119598389e-01
1.102698385715484564e-01 1.187372282147407532e-01
1.101891271770000513e-01 1.184786334633827209e-01
1.100426092743873596e-01 1.183226704597473145e-01
1.099287420511245728e-01 1.181132718920707703e-01
1.097895920276641818e-01 1.177783086895942688e-01
1.097477421164512607e-01 1.174439638853073120e-01
1.095883876085281400e-01 1.172004565596580505e-01
1.095013171434402466e-01 1.169667541980743408e-01
1.093886822462081937e-01 1.167522519826889038e-01
1.093068316578865024e-01 1.165032461285591125e-01
1.092112571001052912e-01 1.162777617573738098e-01
1.091335996985435541e-01 1.161268949508666992e-01
1.090433463454246465e-01 1.160837486386299133e-01
1.089010998606681768e-01 1.162156760692596436e-01
1.088719844818115262e-01 1.164013817906379700e-01
1.087131261825561579e-01 1.164162307977676392e-01
1.085858881473541204e-01 1.163142919540405273e-01
1.085187472403049413e-01 1.161956861615180969e-01
1.083944473415613119e-01 1.162629276514053345e-01
1.082758001983165769e-01 1.165021955966949463e-01
1.082060247659683283e-01 1.167977526783943176e-01
1.081665903329849243e-01 1.169866621494293213e-01
1.080769613385200445e-01 1.170592904090881348e-01
1.080113306641578702e-01 1.171222105622291565e-01
1.079441398382186834e-01 1.171685978770256042e-01
1.078776113688945798e-01 1.171295717358589172e-01
1.077850945293903351e-01 1.171608641743659973e-01
1.077171940356493052e-01 1.172521412372589111e-01
1.077085465192794828e-01 1.173228248953819275e-01
1.076314941048622104e-01 1.173354685306549072e-01
1.075613483786583002e-01 1.173502728343009949e-01
1.075069151818752317e-01 1.173231527209281921e-01
1.074289970099926023e-01 1.173758357763290405e-01
1.073722615838050842e-01 1.174534782767295837e-01
1.073368038982152883e-01 1.175336837768554688e-01
1.072817891836166382e-01 1.176894828677177429e-01
1.073711752891540472e-01 1.176448762416839600e-01
1.071804597973823603e-01 1.171354874968528748e-01
1.070031210780143793e-01 1.165236532688140869e-01
1.067431032657623347e-01 1.158211752772331238e-01
1.067716706544160898e-01 1.151120141148567200e-01
1.064837962388992254e-01 1.146729439496994019e-01
1.063728719949722235e-01 1.142602786421775818e-01
1.062412112951278687e-01 1.137714311480522156e-01
1.061869561672210693e-01 1.131800338625907898e-01
1.062458038330078153e-01 1.127100959420204163e-01
1.061859399080276462e-01 1.123928055167198181e-01
1.062010832130908938e-01 1.121837273240089417e-01
1.061357356607914026e-01 1.121048629283905029e-01
1.060413181781768854e-01 1.120387315750122070e-01
1.059739731252193479e-01 1.119872555136680603e-01
1.058079749345779419e-01 1.120992302894592285e-01
1.056584335863590268e-01 1.123399585485458374e-01
1.055474266409874018e-01 1.126270443201065063e-01
1.054332673549652072e-01 1.127900108695030212e-01
1.052813425660133334e-01 1.127955317497253418e-01
1.052024841308593778e-01 1.126993000507354736e-01
1.051090389490127591e-01 1.125063002109527588e-01
1.050197392702102717e-01 1.123574599623680115e-01
1.049474067986011505e-01 1.122920885682106018e-01
1.049217849969863864e-01 1.121530160307884216e-01
1.048410758376121521e-01 1.119011566042900085e-01
1.047263503074646052e-01 1.117337718605995178e-01
1.046530164778232547e-01 1.114403232932090759e-01
1.046162389218807248e-01 1.113466322422027588e-01
1.044948220252990695e-01 1.114469170570373535e-01
1.044075533747673007e-01 1.115387976169586182e-01
1.042984291911125128e-01 1.115323677659034729e-01
1.042112097144126948e-01 1.114062145352363586e-01
1.041357412934303256e-01 1.112264990806579590e-01
1.040781810879707336e-01 1.111159250140190125e-01
1.040168195962905828e-01 1.110963523387908936e-01
1.039289340376853971e-01 1.111905798316001892e-01
1.038358733057975769e-01 1.112471818923950195e-01
1.037462301552295740e-01 1.113582924008369446e-01
1.036864332854747772e-01 1.115508005023002625e-01
1.035948470234870911e-01 1.117347404360771179e-01
1.035175606608390864e-01 1.120541095733642578e-01
1.035071372985839899e-01 1.123687028884887695e-01
1.034790039062500056e-01 1.124239861965179443e-01
1.033849522471427945e-01 1.122150123119354248e-01
1.033174753189086970e-01 1.120288148522377014e-01
1.032118111848831232e-01 1.118515431880950928e-01
1.030669510364532471e-01 1.113418415188789368e-01
1.030405417084693936e-01 1.106310114264488220e-01
1.030925810337066650e-01 1.101494207978248596e-01
1.029750570654869024e-01 1.099877208471298218e-01
1.028890237212181091e-01 1.100268810987472534e-01
1.027930006384849548e-01 1.102204471826553345e-01
1.026719927787780734e-01 1.104822158813476562e-01
1.025778055191040039e-01 1.108080372214317322e-01
1.025050431489944458e-01 1.110452190041542053e-01
1.024709820747375516e-01 1.110396087169647217e-01
1.023032367229461670e-01 1.107114702463150024e-01
1.023344062268733978e-01 1.103755682706832886e-01
1.022181771695613861e-01 1.104026958346366882e-01
1.021136909723281833e-01 1.106359362602233887e-01
1.020496129989623968e-01 1.107456907629966736e-01
1.020088031888008173e-01 1.108598709106445312e-01
1.019182518124580328e-01 1.111383959650993347e-01
1.018676020205020877e-01 1.114964634180068970e-01
1.018720775842666681e-01 1.118012145161628723e-01
1.019341289997100775e-01 1.117773503065109253e-01
1.017418980598449735e-01 1.111509799957275391e-01
1.015307098627090399e-01 1.101695969700813293e-01
1.014673933386802673e-01 1.092704907059669495e-01
1.013518363237380926e-01 1.085074618458747864e-01
1.015852555632591192e-01 1.078887805342674255e-01
1.015330225229263278e-01 1.074721440672874451e-01
1.018140465021133423e-01 1.071696653962135315e-01
1.017907872796058599e-01 1.071648523211479187e-01
1.016696102917194339e-01 1.074255704879760742e-01
1.014450043439865112e-01 1.079165711998939514e-01
1.011424690485000638e-01 1.085275858640670776e-01
1.011044681072235107e-01 1.091257184743881226e-01
1.008520618081092807e-01 1.094629094004631042e-01
1.007295258343219729e-01 1.097951903939247131e-01
1.006575711071491241e-01 1.102931052446365356e-01
1.006082937121391269e-01 1.109353378415107727e-01
1.006930142641067477e-01 1.115473583340644836e-01
1.007390201091766385e-01 1.119194924831390381e-01
1.008277624845504705e-01 1.119814142584800720e-01
1.007580399513244573e-01 1.118369549512863159e-01
1.006933063268661555e-01 1.115230694413185120e-01
1.005085989832878168e-01 1.107714325189590454e-01
1.003790445625782068e-01 1.101675033569335938e-01
1.002100884914398221e-01 1.097548231482505798e-01
1.000973753631115015e-01 1.093910038471221924e-01
9.998642504215241034e-02 1.089916527271270752e-01
9.978320300579071600e-02 1.082131937146186829e-01
9.977844655513763705e-02 1.073290035128593445e-01
9.990455657243728360e-02 1.067252457141876221e-01
9.991860985755920965e-02 1.063790321350097656e-01
9.995217919349670688e-02 1.061215624213218689e-01
1.000584468245506314e-01 1.059086173772811890e-01
1.001529619097709656e-01 1.058443859219551086e-01
1.000530876219272586e-01 1.060725226998329163e-01
9.982776418328284662e-02 1.066038832068443298e-01
9.956792891025542658e-02 1.073320358991622925e-01
9.958981573581696112e-02 1.080094352364540100e-01
9.928701445460319519e-02 1.084630042314529419e-01
9.937022924423218051e-02 1.088023930788040161e-01
9.923558384180068692e-02 1.087522730231285095e-01
9.917705282568931024e-02 1.086449176073074341e-01
9.912221953272819241e-02 1.086058616638183594e-01
9.905682355165482122e-02 1.086363047361373901e-01
9.900352656841278354e-02 1.087416037917137146e-01
9.892356619238854010e-02 1.090421676635742188e-01
9.892924576997756680e-02 1.092326939105987549e-01
9.887097701430321017e-02 1.092427596449851990e-01
9.886772334575652521e-02 1.091798692941665649e-01
9.877605438232421597e-02 1.089007854461669922e-01
9.869968742132187445e-02 1.086053922772407532e-01
9.860493689775466641e-02 1.084024086594581604e-01
9.853115975856781283e-02 1.081499978899955750e-01
9.850935563445091525e-02 1.079068854451179504e-01
9.840956777334212979e-02 1.078121736645698547e-01
9.841727316379547674e-02 1.075919717550277710e-01
9.832066595554352084e-02 1.072062775492668152e-01
9.829685389995575229e-02 1.070518046617507935e-01
9.821209833025931757e-02 1.071366816759109497e-01
9.817433357238769531e-02 1.073149070143699646e-01
9.811236858367919367e-02 1.073945611715316772e-01
9.806220084428787787e-02 1.074282154440879822e-01
9.801159799098968506e-02 1.076249405741691589e-01
9.795416593551635465e-02 1.079436466097831726e-01
9.792019128799438199e-02 1.083258613944053650e-01
9.805516600608825406e-02 1.086447834968566895e-01
9.794960990548133573e-02 1.086331531405448914e-01
9.791752323508262634e-02 1.085878610610961914e-01
9.783451855182648260e-02 1.082748323678970337e-01
9.780718907713889521e-02 1.080592498183250427e-01
9.770950078964232843e-02 1.079441308975219727e-01
9.761174768209457397e-02 1.074361577630043030e-01
9.755966812372207642e-02 1.067331433296203613e-01
9.746371358633040827e-02 1.062147766351699829e-01
9.745256900787353793e-02 1.057194545865058899e-01
9.747592955827713568e-02 1.053040847182273865e-01
9.746457040309905451e-02 1.051738783717155457e-01
9.743402749300003607e-02 1.052026227116584778e-01
9.736746251583099088e-02 1.052761226892471313e-01
9.731399491429329474e-02 1.054409816861152649e-01
9.721150249242782593e-02 1.057549417018890381e-01
9.722179472446441928e-02 1.059268340468406677e-01
9.709613770246505737e-02 1.056486070156097412e-01
9.703376293182372492e-02 1.051395684480667114e-01
9.709402769804001410e-02 1.048099398612976074e-01
9.707898870110512335e-02 1.047087311744689941e-01
9.703884497284889776e-02 1.047763898968696594e-01
9.696212634444237310e-02 1.050137951970100403e-01
9.685399979352951605e-02 1.054757982492446899e-01
9.703334569931029718e-02 1.059293821454048157e-01
9.674009829759597223e-02 1.058375984430313110e-01
9.668503105640410822e-02 1.055343821644783020e-01
9.667031466960906982e-02 1.052141115069389343e-01
9.660907387733459750e-02 1.050952225923538208e-01
9.658426642417908270e-02 1.049675345420837402e-01
9.659180045127868652e-02 1.048890128731727600e-01
9.648409783840179721e-02 1.051502302289009094e-01
9.637719765305519104e-02 1.056002974510192871e-01
9.635163247585296076e-02 1.061002910137176514e-01
9.626169204711913785e-02 1.065087020397186279e-01
9.622604772448539734e-02 1.070478484034538269e-01
9.625191390514373224e-02 1.077237874269485474e-01
9.644446074962616244e-02 1.080480664968490601e-01
9.636056721210480014e-02 1.077929958701133728e-01
9.631958380341529291e-02 1.074687018990516663e-01
9.619583189487457275e-02 1.070514470338821411e-01
9.600542783737182895e-02 1.062172576785087585e-01
9.595961421728134433e-02 1.052983030676841736e-01
9.600082673132419309e-02 1.046436950564384460e-01
9.602058306336402893e-02 1.043655499815940857e-01
9.597589075565338135e-02 1.043911427259445190e-01
9.592032581567763727e-02 1.045730039477348328e-01
9.589816182851791659e-02 1.047525852918624878e-01
9.585402458906173984e-02 1.045979559421539307e-01
9.571107700467110235e-02 1.040851250290870667e-01
9.576153755187988281e-02 1.034768149256706238e-01
9.584047198295593539e-02 1.028740033507347107e-01
9.622968956828117926e-02 1.025514304637908936e-01
9.622629918158054352e-02 1.026548072695732117e-01
9.612121731042862216e-02 1.029169559478759766e-01
9.590384811162948331e-02 1.032528802752494812e-01
9.572792351245880405e-02 1.037721857428550720e-01
9.547449573874473849e-02 1.044553369283676147e-01
9.532056078314780911e-02 1.053254753351211548e-01
9.544607251882553101e-02 1.060340330004692078e-01
9.534858912229537964e-02 1.061672270298004150e-01
9.527086168527602872e-02 1.060068383812904358e-01
9.524708688259124478e-02 1.056229397654533386e-01
9.512205421924591064e-02 1.048612520098686218e-01
9.507507085800170898e-02 1.041855886578559875e-01
9.518097937107086737e-02 1.036638617515563965e-01
9.522251784801483154e-02 1.033701971173286438e-01
9.534452930092811307e-02 1.033460572361946106e-01
9.526111185550689697e-02 1.035595014691352844e-01
9.514105170965195257e-02 1.038344725966453552e-01
9.502009749412536344e-02 1.043183282017707825e-01
9.498081505298613947e-02 1.048663333058357239e-01
9.485008865594864169e-02 1.052532866597175598e-01
9.477115720510483066e-02 1.056841462850570679e-01
9.485339820384978970e-02 1.061192601919174194e-01
9.480339288711547852e-02 1.061725914478302002e-01
9.477820247411727905e-02 1.059796735644340515e-01
9.473169147968292514e-02 1.056534126400947571e-01
9.464010819792748053e-02 1.052973121404647827e-01
9.457875341176986972e-02 1.047211959958076477e-01
9.454558342695236484e-02 1.041547507047653198e-01
9.458879232406616766e-02 1.036332249641418457e-01
9.459730535745621005e-02 1.031801700592041016e-01
9.480662941932678500e-02 1.029319167137145996e-01
9.476287066936492365e-02 1.029870435595512390e-01
9.465123713016510010e-02 1.028077304363250732e-01
9.470285400748253146e-02 1.025891304016113281e-01
9.470939636230468750e-02 1.026177480816841125e-01
9.464689940214157660e-02 1.028926670551300049e-01
9.447815045714377802e-02 1.034515127539634705e-01
9.436569511890410822e-02 1.042422503232955933e-01
9.419140070676804144e-02 1.051850020885467529e-01
9.438184350728988370e-02 1.060652583837509155e-01
9.441256821155548373e-02 1.063934117555618286e-01
9.438422769308089932e-02 1.064197495579719543e-01
9.439435303211211881e-02 1.061924546957015991e-01
9.428068175911903659e-02 1.054940074682235718e-01
9.414087086915970404e-02 1.049338206648826599e-01
9.407496750354767123e-02 1.045003682374954224e-01
9.400293156504631320e-02 1.041118949651718140e-01
9.405273795127869207e-02 1.037891805171966553e-01
9.399338215589522760e-02 1.037764102220535278e-01
9.401210546493529718e-02 1.038442626595497131e-01
9.393823146820068359e-02 1.038129180669784546e-01
9.389972686767578125e-02 1.036709994077682495e-01
9.387334734201431552e-02 1.034883260726928711e-01
9.385503232479094904e-02 1.033326983451843262e-01
9.383089840412139893e-02 1.033201366662979126e-01
9.381241723895072937e-02 1.033824458718299866e-01
9.373767524957657415e-02 1.036523059010505676e-01
9.368989169597626010e-02 1.040517911314964294e-01
9.364008754491806585e-02 1.044681742787361145e-01
9.360694810748100558e-02 1.049117222428321838e-01
9.361901134252548218e-02 1.053062826395034790e-01
9.364421218633652011e-02 1.055153608322143555e-01
9.364202246069908142e-02 1.056179255247116089e-01
9.365449994802474420e-02 1.056467890739440918e-01
9.363413378596305292e-02 1.053510829806327820e-01
9.360877722501755038e-02 1.048879399895668030e-01
9.351902604103087824e-02 1.043101698160171509e-01
9.342834651470184604e-02 1.034213155508041382e-01
9.362325221300124567e-02 1.027832701802253723e-01
9.357132837176322659e-02 1.026633828878402710e-01
9.351819679141044894e-02 1.028506159782409668e-01
9.345238953828811923e-02 1.031802222132682800e-01
9.336691796779632291e-02 1.037096679210662842e-01
9.340850114822388250e-02 1.042828708887100220e-01
9.337764084339142401e-02 1.045120581984519958e-01
9.332136064767837524e-02 1.045059785246849060e-01
9.328796565532684881e-02 1.045380756258964539e-01
9.325390160083771307e-02 1.048000156879425049e-01
9.320635534822940826e-02 1.053281053900718689e-01
9.324255809187889654e-02 1.059314608573913574e-01
9.349174201488494318e-02 1.061298996210098267e-01
9.333358705043792725e-02 1.055564805865287781e-01
9.324277043342590887e-02 1.048107221722602844e-01
9.308239072561264038e-02 1.041593775153160095e-01
9.302169531583785733e-02 1.036079600453376770e-01
9.309297874569892606e-02 1.033985242247581482e-01
9.294038861989975531e-02 1.037217751145362854e-01
9.295184463262558261e-02 1.041662395000457764e-01
9.287382066249846857e-02 1.044942438602447510e-01
9.295273870229721347e-02 1.047825217247009277e-01
9.290397390723229010e-02 1.048107892274856567e-01
9.287056028842925748e-02 1.049202308058738708e-01
9.289482198655604761e-02 1.050464287400245667e-01
9.284329414367675781e-02 1.054449528455734253e-01
9.291144609451293390e-02 1.056857109069824219e-01
9.294836707413196841e-02 1.057108715176582336e-01
9.289544820785522461e-02 1.055185273289680481e-01
9.280575513839721402e-02 1.049869284033775330e-01
9.267613291740417480e-02 1.042938828468322754e-01
9.270669594407081326e-02 1.036541610956192017e-01
9.255559518933295649e-02 1.033848673105239868e-01
9.253948628902435025e-02 1.031940355896949768e-01
9.251458346843718927e-02 1.029085889458656311e-01
9.251809269189834040e-02 1.025410145521163940e-01
9.254513382911681851e-02 1.023183241486549377e-01
9.256919324398041327e-02 1.023137122392654419e-01
9.253268241882324496e-02 1.025134623050689697e-01
9.244829714298248569e-02 1.027744412422180176e-01
9.237306714057921808e-02 1.031906604766845703e-01
9.239439070224761408e-02 1.035118773579597473e-01
9.229458197951316556e-02 1.037433892488479614e-01
9.223687052726745050e-02 1.041229888796806335e-01
9.220656752586364746e-02 1.043786481022834778e-01
9.220823049545287531e-02 1.045738384127616882e-01
9.227304384112358648e-02 1.048784330487251282e-01
9.234946146607399264e-02 1.051881313323974609e-01
9.239356890320778171e-02 1.052788496017456055e-01
9.241052865982055109e-02 1.051569730043411255e-01
9.236993491649628241e-02 1.047761440277099609e-01
9.225290119647980291e-02 1.044109463691711426e-01
9.222327694296836298e-02 1.039894148707389832e-01
9.203413128852844238e-02 1.038477048277854919e-01
9.199762232601642331e-02 1.036894097924232483e-01
9.196962639689446051e-02 1.037144809961318970e-01
9.189345240592956821e-02 1.040763035416603088e-01
9.194028526544570368e-02 1.045308187603950500e-01
9.197174236178398687e-02 1.048359349370002747e-01
9.215722680091857633e-02 1.048808619379997253e-01
9.198218286037444791e-02 1.041982397437095642e-01
9.183159768581390658e-02 1.031610742211341858e-01
9.158311188220977228e-02 1.021984666585922241e-01
9.205961972475051880e-02 1.014127284288406372e-01
9.202104061841964722e-02 1.010563150048255920e-01
9.219924509525298517e-02 1.008501201868057251e-01
9.229483604431151789e-02 1.009749993681907654e-01
9.231531471014023382e-02 1.013341918587684631e-01
9.213914498686789911e-02 1.017537489533424377e-01
9.193265438079833984e-02 1.023251935839653015e-01
9.168559983372688571e-02 1.031501889228820801e-01
9.164489805698394775e-02 1.043006181716918945e-01
9.187133908271789828e-02 1.052596196532249451e-01
9.210189655423164923e-02 1.058384478092193604e-01
9.234150350093842108e-02 1.062493398785591125e-01
9.268449246883392334e-02 1.060309559106826782e-01
9.221958220005035956e-02 1.046969518065452576e-01
9.180028997361659726e-02 1.032737866044044495e-01
9.140082150697707852e-02 1.022346615791320801e-01
9.160719215869903009e-02 1.016148105263710022e-01
9.163740873336792547e-02 1.013772785663604736e-01
9.159169271588325778e-02 1.011927351355552673e-01
9.164740443229675571e-02 1.012931689620018005e-01
9.151572883129119318e-02 1.017635464668273926e-01
9.127713292837143222e-02 1.025466620922088623e-01
9.124449789524077814e-02 1.034677550196647644e-01
9.123622775077819269e-02 1.040940806269645691e-01
9.128497242927550992e-02 1.043580844998359680e-01
9.136801883578300754e-02 1.043684408068656921e-01
9.136345386505126398e-02 1.042050793766975403e-01
9.134678393602371771e-02 1.038558557629585266e-01
9.125386849045753757e-02 1.037091687321662903e-01
9.117604792118072510e-02 1.037095710635185242e-01
9.111983776092529019e-02 1.035810410976409912e-01
9.106338620185852606e-02 1.032299920916557312e-01
9.109278172254561823e-02 1.027290448546409607e-01
9.107721894979477206e-02 1.025341749191284180e-01
9.099079072475432794e-02 1.025967597961425781e-01
9.096859693527221957e-02 1.026230007410049438e-01
9.095519520342350284e-02 1.026613414287567139e-01
9.094758033752441129e-02 1.025367677211761475e-01
9.091745093464850824e-02 1.022767797112464905e-01
9.086584225296974460e-02 1.023892387747764587e-01
9.074355885386467535e-02 1.028510555624961853e-01
9.101210385560989935e-02 1.030873060226440430e-01
9.082311391830444336e-02 1.025730445981025696e-01
9.075589030981064120e-02 1.019041761755943298e-01
9.088098183274269382e-02 1.016999483108520508e-01
9.085847437381744385e-02 1.017881855368614197e-01
9.068895876407623291e-02 1.016260981559753418e-01
9.076050966978073398e-02 1.015701740980148315e-01
9.069683849811553678e-02 1.017857342958450317e-01
9.064817652106285650e-02 1.021282225847244263e-01
9.065662473440169733e-02 1.024550199508666992e-01
9.055518209934235174e-02 1.025306060910224915e-01
9.052109271287918368e-02 1.026854217052459717e-01
9.048718810081482489e-02 1.030050665140151978e-01
9.053044915199279230e-02 1.032743155956268311e-01
9.053797423839568537e-02 1.034433767199516296e-01
9.057712256908416470e-02 1.034945175051689148e-01
9.053673744201659601e-02 1.035333797335624695e-01
9.053514003753662664e-02 1.034455522894859314e-01
9.048320055007934293e-02 1.031645089387893677e-01
9.048147723078728277e-02 1.024799272418022156e-01
9.047394245862960815e-02 1.018375158309936523e-01
9.039369970560073853e-02 1.014348268508911133e-01
9.055624827742576877e-02 1.012087538838386536e-01
9.050087407231330316e-02 1.014570742845535278e-01
9.026847630739212591e-02 1.022215858101844788e-01
9.010021537542342585e-02 1.034170538187026978e-01
9.062250107526778620e-02 1.044562980532646179e-01
9.088531583547591886e-02 1.045861989259719849e-01
9.082895219326019010e-02 1.040476113557815552e-01
9.055781662464142123e-02 1.032980158925056458e-01
9.017588049173355658e-02 1.024177595973014832e-01
9.001769423484802524e-02 1.015123575925827026e-01
9.010292291641235074e-02 1.007064953446388245e-01
9.024894535541534701e-02 9.998621791601181030e-02
9.070724248886108398e-02 9.950081259012222290e-02
9.108729735016822537e-02 9.943281859159469604e-02
9.097762554883956354e-02 9.990373253822326660e-02
9.094684123992920199e-02 1.006404906511306763e-01
9.038108289241790494e-02 1.009889096021652222e-01
9.007290750741958618e-02 1.012419983744621277e-01
8.994455710053443631e-02 1.018427833914756775e-01
8.981939330697059909e-02 1.027275323867797852e-01
9.009046852588653564e-02 1.036075726151466370e-01
9.029375910758971613e-02 1.040209755301475525e-01
9.047429263591766357e-02 1.041400060057640076e-01
9.050879478454590399e-02 1.039715930819511414e-01
9.047058895230293551e-02 1.036692708730697632e-01
9.023503288626670560e-02 1.035175174474716187e-01
9.020584523677825650e-02 1.032644733786582947e-01
8.998543918132781427e-02 1.025777310132980347e-01
8.997896313667297363e-02 1.016924604773521423e-01
8.966380953788757879e-02 1.010530143976211548e-01
8.975287824869156161e-02 1.003173366189002991e-01
9.004889875650405606e-02 9.984520822763442993e-02
9.037702456116676608e-02 9.974063932895660400e-02
9.033033400774001520e-02 1.000063717365264893e-01
9.028241634368897039e-02 1.003045737743377686e-01
8.994303494691849310e-02 1.006005555391311646e-01
8.978476636111736020e-02 1.011641547083854675e-01
8.984920680522918979e-02 1.015866473317146301e-01
8.959464803338050565e-02 1.015830710530281067e-01
8.963371515274047574e-02 1.014364659786224365e-01
8.964761868119239252e-02 1.013140231370925903e-01
8.958853781223297119e-02 1.013734713196754456e-01
8.956754356622695368e-02 1.011355519294738770e-01
8.949176818132401068e-02 1.006027758121490479e-01
8.968253433704376221e-02 1.001585349440574646e-01
8.982339426875114718e-02 1.000132933259010315e-01
8.986051678657532016e-02 9.994550794363021851e-02
8.991032764315605441e-02 1.000044047832489014e-01
8.993318527936935980e-02 1.002236455678939819e-01
8.971184194087981900e-02 1.002232730388641357e-01
8.962433338165283481e-02 1.001306101679801941e-01
8.973542004823684137e-02 1.001674234867095947e-01
8.963498249650000971e-02 1.005170717835426331e-01
8.942712098360061646e-02 1.011615395545959473e-01
8.933933228254317682e-02 1.020143553614616394e-01
8.946878910064696988e-02 1.026304066181182861e-01
8.963970243930816095e-02 1.027510091662406921e-01
8.960935920476913175e-02 1.023656800389289856e-01
8.944296464323997498e-02 1.018470525741577148e-01
8.931424170732497891e-02 1.015097200870513916e-01
8.919740915298461637e-02 1.013616323471069336e-01
8.918535485863685053e-02 1.013999059796333313e-01
8.916501551866531927e-02 1.015640869736671448e-01
8.918478637933731357e-02 1.017596200108528137e-01
8.910689353942871649e-02 1.022982373833656311e-01
8.929425626993178766e-02 1.027178242802619934e-01
8.941565454006195068e-02 1.025803312659263611e-01
8.927889615297317227e-02 1.019222438335418701e-01
8.920493535697460175e-02 1.013095527887344360e-01
8.909851163625717718e-02 1.010614782571792603e-01
8.906703740358352939e-02 1.010302826762199402e-01
8.906385302543640137e-02 1.011960729956626892e-01
8.903192616999149045e-02 1.015795320272445679e-01
8.901698365807533819e-02 1.020846068859100342e-01
8.920921683311462680e-02 1.025652587413787842e-01
8.923599570989608487e-02 1.027030348777770996e-01
8.925358653068542203e-02 1.026278957724571228e-01
8.922279886901378354e-02 1.024143695831298828e-01
8.912889212369919101e-02 1.020581424236297607e-01
8.913221061229706366e-02 1.016652509570121765e-01
8.898960240185260773e-02 1.015457957983016968e-01
8.895576000213623047e-02 1.014849990606307983e-01
8.894259333610535223e-02 1.012922897934913635e-01
8.891601935029029569e-02 1.009348332881927490e-01
8.892785161733626764e-02 1.006667092442512512e-01
8.894030004739761353e-02 1.004971265792846680e-01
8.894265294075012762e-02 1.002707406878471375e-01
8.896796107292175015e-02 1.001434773206710815e-01
8.899267315864563266e-02 1.000959277153015137e-01
8.896818608045578558e-02 1.000405624508857727e-01
8.899775743484497625e-02 1.000392809510231018e-01
8.901782631874084750e-02 1.002200469374656677e-01
8.884914219379425049e-02 1.001120805740356445e-01
8.883710280060767850e-02 1.000947281718254089e-01
8.872936740517615994e-02 1.004961133003234863e-01
8.881815075874328891e-02 1.009576842188835144e-01
8.869629800319671353e-02 1.008480936288833618e-01
8.866518139839171808e-02 1.005190014839172363e-01
8.859792426228522977e-02 1.005174145102500916e-01
8.862783908843993586e-02 1.005090251564979553e-01
8.857663869857787531e-02 1.003633737564086914e-01
8.857066184282302856e-02 1.004087105393409729e-01
8.856050372123717984e-02 1.004810035228729248e-01
8.856225311756134311e-02 1.006152927875518799e-01
8.853057920932769220e-02 1.008759289979934692e-01
8.858500123023986539e-02 1.012607663869857788e-01
8.850208818912505548e-02 1.014046594500541687e-01
8.849036768078803739e-02 1.017095744609832764e-01
8.869511783123015802e-02 1.017819121479988098e-01
8.860321119427680414e-02 1.014038249850273132e-01
8.848395198583602905e-02 1.010917350649833679e-01
8.852918222546576899e-02 1.008587852120399475e-01
8.846737518906593045e-02 1.009285748004913330e-01
8.846468254923819940e-02 1.011903285980224609e-01
8.844807520508765619e-02 1.017331629991531372e-01
8.853911235928535461e-02 1.024033278226852417e-01
8.893336653709411899e-02 1.025715768337249756e-01
8.874560892581939697e-02 1.017794832587242126e-01
8.843845427036285678e-02 1.006450280547142029e-01
8.828802406787872314e-02 9.975805878639221191e-02
8.847384005784988958e-02 9.924034029245376587e-02
8.851161599159240723e-02 9.901752322912216187e-02
8.857013285160064697e-02 9.899325668811798096e-02
8.861474692821502686e-02 9.917961061000823975e-02
8.851896226406097412e-02 9.960016608238220215e-02
8.849171474575996676e-02 9.998337924480438232e-02
8.837835490703582764e-02 1.003777086734771729e-01
8.837099820375442227e-02 1.007302105426788330e-01
8.843727260828018744e-02 1.012395545840263367e-01
8.885233700275421698e-02 1.015853509306907654e-01
8.886254131793976108e-02 1.013695970177650452e-01
8.863558322191238126e-02 1.008305102586746216e-01
8.820856511592864435e-02 9.985361248254776001e-02
8.866575211286545355e-02 9.913843125104904175e-02
8.861986175179481506e-02 9.899108856916427612e-02
8.858600705862045011e-02 9.916692227125167847e-02
8.832663744688033780e-02 9.961769729852676392e-02
8.819038420915603638e-02 1.001830995082855225e-01
8.803296908736228665e-02 1.006174758076667786e-01
8.813737332820892334e-02 1.008243039250373840e-01
8.811396956443787176e-02 1.006102487444877625e-01
8.798322081565856934e-02 1.002045944333076477e-01
8.792836964130401611e-02 9.982474148273468018e-02
8.789670802652835291e-02 9.952004253864288330e-02
8.793289065361023504e-02 9.921152889728546143e-02
8.799728602170944769e-02 9.876125305891036987e-02
8.840059041976928988e-02 9.842085093259811401e-02
8.859689980745315274e-02 9.851155430078506470e-02
8.839475512504577082e-02 9.900660812854766846e-02
8.808685243129729669e-02 9.978148341178894043e-02
8.775825276970863897e-02 1.005839034914970398e-01
8.786222338676452637e-02 1.013263091444969177e-01
8.823491036891936701e-02 1.014875173568725586e-01
8.815364986658096036e-02 1.010555103421211243e-01
8.787680119276046475e-02 1.004839166998863220e-01
8.781702294945717413e-02 9.986162930727005005e-02
8.767244219779968262e-02 9.945994615554809570e-02
8.780710548162459772e-02 9.906462579965591431e-02
8.802867531776428778e-02 9.875217080116271973e-02
8.833150714635848444e-02 9.879548847675323486e-02
8.818200230598449707e-02 9.927753359079360962e-02
8.782260268926619928e-02 9.984444826841354370e-02
8.776688724756240290e-02 1.004453226923942566e-01
8.770035952329635620e-02 1.007543727755546570e-01
8.774228543043136042e-02 1.008375287055969238e-01
8.776358142495155334e-02 1.008187830448150635e-01
8.774868845939635953e-02 1.007589176297187805e-01
8.771408200263977606e-02 1.004978418350219727e-01
8.762587457895279486e-02 1.000915095210075378e-01
8.768734857439994257e-02 9.990973770618438721e-02
8.750369846820831021e-02 1.000433564186096191e-01
8.751419186592102051e-02 1.001183688640594482e-01
8.751949071884154718e-02 1.000457927584648132e-01
8.752014636993407648e-02 9.984046220779418945e-02
8.758838176727294644e-02 9.949416667222976685e-02
8.759772479534148892e-02 9.901332110166549683e-02
8.796874359250068942e-02 9.877237677574157715e-02
8.782293796539306086e-02 9.903672337532043457e-02
8.761695623397827704e-02 9.963260591030120850e-02
8.786537796258926669e-02 1.001116484403610229e-01
8.768151029944419583e-02 1.001363024115562439e-01
8.767405301332473200e-02 1.000566035509109497e-01
8.760953322052955627e-02 9.991203248500823975e-02
8.753024637699127752e-02 9.975765645503997803e-02
8.743250817060470303e-02 9.955257177352905273e-02
8.739631399512290399e-02 9.964477270841598511e-02
8.730220124125480374e-02 1.000837534666061401e-01
8.733699917793273648e-02 1.006196886301040649e-01
8.753180801868438998e-02 1.009841635823249817e-01
8.764590620994568149e-02 1.011658832430839539e-01
8.768873065710067194e-02 1.012971550226211548e-01
8.773783817887306768e-02 1.012340337038040161e-01
8.769888021051883142e-02 1.010351851582527161e-01
8.762816153466701508e-02 1.008193120360374451e-01
8.757963031530380249e-02 1.006235182285308838e-01
8.756446391344070712e-02 1.002387627959251404e-01
8.761258646845818121e-02 9.964621067047119141e-02
8.769363611936568936e-02 9.936074912548065186e-02
8.774233609437942505e-02 9.917969256639480591e-02
8.772858679294585904e-02 9.892429411411285400e-02
8.774195462465286810e-02 9.865429997444152832e-02
8.777870088815689642e-02 9.840628504753112793e-02
8.779960572719573697e-02 9.823276847600936890e-02
8.783511072397232056e-02 9.831303358078002930e-02
8.765529245138167780e-02 9.858626127243041992e-02
8.740844279527663907e-02 9.912545233964920044e-02
8.710941299796104431e-02 9.983510524034500122e-02
8.740908652544021606e-02 1.004058867692947388e-01
8.728262931108474176e-02 1.005231067538261414e-01
8.733997493982315063e-02 1.005831956863403320e-01
8.729233741760253351e-02 1.002139300107955933e-01
8.721521496772766113e-02 9.977822750806808472e-02
8.705100715160370151e-02 9.949684888124465942e-02
8.701185882091522217e-02 9.912557899951934814e-02
8.716116994619368952e-02 9.875188022851943970e-02
8.711472451686859408e-02 9.882681071758270264e-02
8.703460097312927524e-02 9.915056079626083374e-02
8.698020726442337591e-02 9.942181408405303955e-02
8.707028180360794345e-02 9.947250038385391235e-02
8.701747953891754428e-02 9.926284104585647583e-02
8.693524599075316828e-02 9.911416471004486084e-02
8.696333542466164190e-02 9.898502379655838013e-02
8.694239705801010132e-02 9.889254719018936157e-02
8.698517456650733948e-02 9.881106764078140259e-02
8.693489059805870056e-02 9.891924262046813965e-02
8.695031404495238980e-02 9.896928071975708008e-02
8.693322539329528809e-02 9.891845285892486572e-02
8.686901628971099854e-02 9.905014932155609131e-02
8.696798235177993774e-02 9.907656908035278320e-02
8.683238923549652100e-02 9.880973398685455322e-02
8.684764951467513483e-02 9.865551441907882690e-02
8.690930008888245184e-02 9.875565022230148315e-02
8.687469065189361295e-02 9.905374050140380859e-02
8.677244447171687802e-02 9.922309219837188721e-02
8.676065355539322455e-02 9.938558936119079590e-02
8.679317533969879706e-02 9.948436170816421509e-02
8.678575158119201938e-02 9.943357855081558228e-02
8.675821349024773199e-02 9.922399371862411499e-02
8.683481439948081970e-02 9.909491240978240967e-02
8.669442683458328247e-02 9.926095604896545410e-02
8.676009476184845526e-02 9.931998699903488159e-02
8.671312555670737665e-02 9.906113147735595703e-02
8.672393336892128546e-02 9.869388490915298462e-02
8.669821918010711670e-02 9.855892509222030640e-02
8.670785576105118075e-02 9.857518225908279419e-02
8.667207658290862482e-02 9.878826141357421875e-02
8.659001886844634732e-02 9.920559078454971313e-02
8.659317009150982458e-02 9.974462538957595825e-02
8.678433299064636230e-02 1.002655252814292908e-01
8.718042969703673761e-02 1.003130599856376648e-01
