   0.0000000e+00   8.0000000e+00   6.1000000e+00   4.0000000e+00   1.7300000e+00   2.3000000e+00
   5.0000000e-03   8.0000000e+00   6.1000000e+00   4.0000000e+00   1.7300000e+00   2.2241518e+00
   1.0000000e-02   8.0000000e+00   6.1000000e+00   4.0000000e+00   1.7300000e+00   2.0853568e+00
   1.5000000e-02   8.0000000e+00   6.1000000e+00   4.0000000e+00   1.7300000e+00   2.0068528e+00
   2.0000000e-02   8.0000000e+00   6.1000000e+00   4.0000000e+00   1.7300000e+00   1.9586127e+00
   2.5000000e-02   8.0000000e+00   6.1000000e+00   4.0000000e+00   1.7300000e+00   1.9207057e+00
   3.0000000e-02   8.0000000e+00   6.1000000e+00   4.0000000e+00   1.7300000e+00   1.8979100e+00
   3.5000000e-02   8.0000000e+00   6.1000000e+00   4.0000000e+00   1.7300000e+00   1.8749528e+00
   4.0000000e-02   8.0000000e+00   6.1000000e+00   4.0000000e+00   1.7300000e+00   1.8615018e+00
   4.5000000e-02   8.0000000e+00   6.1000000e+00   4.0000000e+00   1.7300000e+00   1.8482001e+00
   5.0000000e-02   0.0000000e+00   6.1000000e+00   4.0000000e+00   1.7300000e+00   1.8804199e+00
   5.5000000e-02   0.0000000e+00   6.1000000e+00   4.0000000e+00   1.7300000e+00   1.9893256e+00
   6.0000000e-02   0.0000000e+00   6.1000000e+00   4.0000000e+00   1.7300000e+00   2.1034526e+00
   6.5000000e-02   0.0000000e+00   6.1000000e+00   4.0000000e+00   1.7300000e+00   2.1877884e+00
   7.0000000e-02   0.0000000e+00   6.1000000e+00   4.0000000e+00   1.7300000e+00   2.2409583e+00
   7.5000000e-02   0.0000000e+00   6.1000000e+00   4.0000000e+00   1.7300000e+00   2.2730792e+00
   8.0000000e-02   0.0000000e+00   6.1000000e+00   4.0000000e+00   1.7300000e+00   2.2885097e+00
   8.5000000e-02   0.0000000e+00   6.1000000e+00   4.0000000e+00   1.7300000e+00   2.2957001e+00
   9.0000000e-02   0.0000000e+00   6.1000000e+00   4.0000000e+00   1.7300000e+00   2.2987994e+00
   9.5000000e-02   0.0000000e+00   6.1000000e+00   4.0000000e+00   1.7300000e+00   2.2993753e+00
   1.0000000e-01   0.0000000e+00   6.1000000e+00   4.0000000e+00   1.7300000e+00   2.3001213e+00
   1.0500000e-01   0.0000000e+00   6.1000000e+00   4.0000000e+00   1.7300000e+00   2.2998771e+00
   1.1000000e-01   0.0000000e+00   6.1000000e+00   4.0000000e+00   1.7300000e+00   2.3000181e+00
   1.1500000e-01   0.0000000e+00   6.1000000e+00   4.0000000e+00   1.7300000e+00   2.3000769e+00
   1.2000000e-01   0.0000000e+00   6.1000000e+00   4.0000000e+00   1.7300000e+00   2.2998795e+00
   1.2500000e-01   0.0000000e+00   6.1000000e+00   4.0000000e+00   1.7300000e+00   2.3001070e+00
   1.3000000e-01   0.0000000e+00   6.1000000e+00   4.0000000e+00   1.7300000e+00   2.2999544e+00
   1.3500000e-01   0.0000000e+00   6.1000000e+00   4.0000000e+00   1.7300000e+00   2.2999444e+00
   1.4000000e-01   0.0000000e+00   6.1000000e+00   4.0000000e+00   1.7300000e+00   2.3001680e+00
   1.4500000e-01   0.0000000e+00   6.1000000e+00   4.0000000e+00   1.7300000e+00   2.2997402e+00
   1.5000000e-01   0.0000000e+00   6.1000000e+00   4.0000000e+00   1.7300000e+00   2.3003305e+00
   1.5500000e-01   0.0000000e+00   6.1000000e+00   4.0000000e+00   1.7300000e+00   2.2996719e+00
   1.6000000e-01   0.0000000e+00   6.1000000e+00   4.0000000e+00   1.7300000e+00   2.3003164e+00
   1.6500000e-01   0.0000000e+00   6.1000000e+00   4.0000000e+00   1.7300000e+00   2.2997751e+00
   1.7000000e-01   0.0000000e+00   6.1000000e+00   4.0000000e+00   1.7300000e+00   2.3001554e+00
   1.7500000e-01   0.0000000e+00   6.1000000e+00   4.0000000e+00   1.7300000e+00   2.2999462e+00
   1.8000000e-01   0.0000000e+00   6.1000000e+00   4.0000000e+00   1.7300000e+00   2.2999840e+00
   1.8500000e-01   0.0000000e+00   6.1000000e+00   4.0000000e+00   1.7300000e+00   2.3000619e+00
   1.9000000e-01   0.0000000e+00   6.1000000e+00   4.0000000e+00   1.7300000e+00   2.2999083e+00
   1.9500000e-01   0.0000000e+00   6.1000000e+00   4.0000000e+00   1.7300000e+00   2.3000792e+00
   2.0000000e-01   0.0000000e+00   6.1000000e+00   4.0000000e+00   1.7300000e+00   2.2999222e+00
   2.0500000e-01   0.0000000e+00   6.1000000e+00   4.0000000e+00   1.7300000e+00   2.3000492e+00
   2.1000000e-01   0.0000000e+00   6.1000000e+00   4.0000000e+00   1.7300000e+00   2.2999470e+00
   2.1500000e-01   0.0000000e+00   6.1000000e+00   4.0000000e+00   1.7300000e+00   2.3000492e+00
   2.2000000e-01   0.0000000e+00   6.1000000e+00   4.0000000e+00   1.7300000e+00   2.2999236e+00
   2.2500000e-01   0.0000000e+00   6.1000000e+00   4.0000000e+00   1.7300000e+00   2.3001042e+00
   2.3000000e-01   0.0000000e+00   6.1000000e+00   4.0000000e+00   1.7300000e+00   2.2998622e+00
   2.3500000e-01   0.0000000e+00   6.1000000e+00   4.0000000e+00   1.7300000e+00   2.3001709e+00
   2.4000000e-01   0.0000000e+00   6.1000000e+00   4.0000000e+00   1.7300000e+00   2.2998201e+00
   2.4500000e-01   0.0000000e+00   6.1000000e+00   4.0000000e+00   1.7300000e+00   2.3001883e+00
   2.5000000e-01   0.0000000e+00   6.1000000e+00   4.0000000e+00   1.7300000e+00   2.2998405e+00
   2.5500000e-01   0.0000000e+00   6.1000000e+00   4.0000000e+00   1.7300000e+00   2.3001349e+00
   2.6000000e-01   0.0000000e+00   6.1000000e+00   4.0000000e+00   1.7300000e+00   2.2999151e+00
   2.6500000e-01   0.0000000e+00   6.1000000e+00   4.0000000e+00   1.7300000e+00   2.3000436e+00
   2.7000000e-01   0.0000000e+00   6.1000000e+00   4.0000000e+00   1.7300000e+00   2.2999990e+00
   2.7500000e-01   0.0000000e+00   6.1000000e+00   4.0000000e+00   1.7300000e+00   2.2999679e+00
   2.8000000e-01   0.0000000e+00   6.1000000e+00   4.0000000e+00   1.7300000e+00   2.3000517e+00
   2.8500000e-01   0.0000000e+00   6.1000000e+00   4.0000000e+00   1.7300000e+00   2.2999363e+00
   2.9000000e-01   0.0000000e+00   6.1000000e+00   4.0000000e+00   1.7300000e+00   2.3000646e+00
   2.9500000e-01   0.0000000e+00   6.1000000e+00   4.0000000e+00   1.7300000e+00   2.2999387e+00
   3.0000000e-01   0.0000000e+00   6.1000000e+00   4.0000000e+00   1.7300000e+00   2.3000577e+00
   3.0500000e-01   0.0000000e+00   6.1000000e+00   4.0000000e+00   1.7300000e+00   2.2999476e+00
   3.1000000e-01   0.0000000e+00   6.1000000e+00   4.0000000e+00   1.7300000e+00   2.3000532e+00
   3.1500000e-01   0.0000000e+00   6.1000000e+00   4.0000000e+00   1.7300000e+00   2.2999483e+00
   3.2000000e-01   0.0000000e+00   6.1000000e+00   4.0000000e+00   1.7300000e+00   2.3000541e+00
   3.2500000e-01   0.0000000e+00   6.1000000e+00   4.0000000e+00   1.7300000e+00   2.2999476e+00
   3.3000000e-01   0.0000000e+00   6.1000000e+00   4.0000000e+00   1.7300000e+00   2.3000467e+00
   3.3500000e-01   0.0000000e+00   6.1000000e+00   4.0000000e+00   1.7300000e+00   2.2999617e+00
   3.4000000e-01   0.0000000e+00   6.1000000e+00   4.0000000e+00   1.7300000e+00   2.3000192e+00
   3.4500000e-01   0.0000000e+00   6.1000000e+00   4.0000000e+00   1.7300000e+00   2.2999963e+00
   3.5000000e-01   0.0000000e+00   6.1000000e+00   4.0000000e+00   1.7300000e+00   2.2999761e+00
   3.5500000e-01   0.0000000e+00   6.1000000e+00   4.0000000e+00   1.7300000e+00   2.3000396e+00
   3.6000000e-01   0.0000000e+00   6.1000000e+00   4.0000000e+00   1.7300000e+00   2.2999365e+00
   3.6500000e-01   0.0000000e+00   6.1000000e+00   4.0000000e+00   1.7300000e+00   2.3000718e+00
   3.7000000e-01   0.0000000e+00   6.1000000e+00   4.0000000e+00   1.7300000e+00   2.2999184e+00
   3.7500000e-01   0.0000000e+00   6.1000000e+00   4.0000000e+00   1.7300000e+00   2.3000794e+00
   3.8000000e-01   0.0000000e+00   6.1000000e+00   4.0000000e+00   1.7300000e+00   2.2999266e+00
   3.8500000e-01   0.0000000e+00   6.1000000e+00   4.0000000e+00   1.7300000e+00   2.3000625e+00
   3.9000000e-01   0.0000000e+00   6.1000000e+00   4.0000000e+00   1.7300000e+00   2.2999530e+00
   3.9500000e-01   0.0000000e+00   6.1000000e+00   4.0000000e+00   1.7300000e+00   2.3000314e+00
   4.0000000e-01   0.0000000e+00   6.1000000e+00   4.0000000e+00   1.7300000e+00   2.2999862e+00
   4.0500000e-01   0.0000000e+00   6.1000000e+00   4.0000000e+00   1.7300000e+00   2.2999964e+00
   4.1000000e-01   0.0000000e+00   6.1000000e+00   4.0000000e+00   1.7300000e+00   2.3000199e+00
   4.1500000e-01   0.0000000e+00   6.1000000e+00   4.0000000e+00   1.7300000e+00   2.2999621e+00
   4.2000000e-01   0.0000000e+00   6.1000000e+00   4.0000000e+00   1.7300000e+00   2.3000538e+00
   4.2500000e-01   0.0000000e+00   6.1000000e+00   4.0000000e+00   1.7300000e+00   2.2999287e+00
   4.3000000e-01   0.0000000e+00   6.1000000e+00   4.0000000e+00   1.7300000e+00   2.3000883e+00
   4.3500000e-01   0.0000000e+00   6.1000000e+00   4.0000000e+00   1.7300000e+00   2.2998979e+00
   4.4000000e-01   0.0000000e+00   6.1000000e+00   4.0000000e+00   1.7300000e+00   2.3001195e+00
   4.4500000e-01   0.0000000e+00   6.1000000e+00   4.0000000e+00   1.7300000e+00   2.2998752e+00
   4.5000000e-01   0.0000000e+00   6.1000000e+00   4.0000000e+00   1.7300000e+00   2.3001389e+00
   4.5500000e-01   0.0000000e+00   6.1000000e+00   4.0000000e+00   1.7300000e+00   2.2998675e+00
   4.6000000e-01   0.0000000e+00   6.1000000e+00   4.0000000e+00   1.7300000e+00   2.3001388e+00
   4.6500000e-01   0.0000000e+00   6.1000000e+00   4.0000000e+00   1.7300000e+00   2.2998783e+00
   4.7000000e-01   0.0000000e+00   6.1000000e+00   4.0000000e+00   1.7300000e+00   2.3001171e+00
   4.7500000e-01   0.0000000e+00   6.1000000e+00   4.0000000e+00   1.7300000e+00   2.2999054e+00
   4.8000000e-01   0.0000000e+00   6.1000000e+00   4.0000000e+00   1.7300000e+00   2.3000789e+00
   4.8500000e-01   0.0000000e+00   6.1000000e+00   4.0000000e+00   1.7300000e+00   2.2999428e+00
   4.9000000e-01   0.0000000e+00   6.1000000e+00   4.0000000e+00   1.7300000e+00   2.3000331e+00
   4.9500000e-01   0.0000000e+00   6.1000000e+00   4.0000000e+00   1.7300000e+00   2.2999837e+00
   5.0000000e-01   0.0000000e+00   6.1000000e+00   4.0000000e+00   1.7300000e+00   2.2999881e+00
