   0.0000000e+00   9.3000000e+00   6.0000000e+00   4.0000000e+00   1.7300000e+00   2.3000000e+00
   5.0000000e-03   9.3000000e+00   6.0000000e+00   4.0000000e+00   1.7300000e+00   2.1985921e+00
   1.0000000e-02   9.3000000e+00   6.0000000e+00   4.0000000e+00   1.7300000e+00   2.0153310e+00
   1.5000000e-02   9.3000000e+00   6.0000000e+00   4.0000000e+00   1.7300000e+00   1.9202856e+00
   2.0000000e-02   9.3000000e+00   6.0000000e+00   4.0000000e+00   1.7300000e+00   1.8581611e+00
   2.5000000e-02   9.3000000e+00   6.0000000e+00   4.0000000e+00   1.7300000e+00   1.8080672e+00
   3.0000000e-02   9.3000000e+00   6.0000000e+00   4.0000000e+00   1.7300000e+00   1.7750698e+00
   3.5000000e-02   9.3000000e+00   6.0000000e+00   4.0000000e+00   1.7300000e+00   1.7415276e+00
   4.0000000e-02   9.3000000e+00   6.0000000e+00   4.0000000e+00   1.7300000e+00   1.7197858e+00
   4.5000000e-02   9.3000000e+00   6.0000000e+00   4.0000000e+00   1.7300000e+00   1.6970225e+00
   5.0000000e-02   9.3000000e+00   6.0000000e+00   4.0000000e+00   1.7300000e+00   1.6792752e+00
   5.5000000e-02   9.3000000e+00   6.0000000e+00   4.0000000e+00   1.7300000e+00   1.6644727e+00
   6.0000000e-02   9.3000000e+00   6.0000000e+00   4.0000000e+00   1.7300000e+00   1.6488122e+00
   6.5000000e-02   9.3000000e+00   6.0000000e+00   4.0000000e+00   1.7300000e+00   1.6387911e+00
   7.0000000e-02   9.3000000e+00   6.0000000e+00   4.0000000e+00   1.7300000e+00   1.6257138e+00
   7.5000000e-02   9.3000000e+00   6.0000000e+00   4.0000000e+00   1.7300000e+00   1.6175098e+00
   8.0000000e-02   9.3000000e+00   6.0000000e+00   4.0000000e+00   1.7300000e+00   1.6076117e+00
   8.5000000e-02   9.3000000e+00   6.0000000e+00   4.0000000e+00   1.7300000e+00   1.5997421e+00
   9.0000000e-02   9.3000000e+00   6.0000000e+00   4.0000000e+00   1.7300000e+00   1.5926321e+00
   9.5000000e-02   9.3000000e+00   6.0000000e+00   4.0000000e+00   1.7300000e+00   1.5851587e+00
   1.0000000e-01   9.3000000e+00   6.0000000e+00   4.0000000e+00   1.7300000e+00   1.5796482e+00
   1.0500000e-01   9.3000000e+00   6.0000000e+00   4.0000000e+00   1.7300000e+00   1.5732314e+00
   1.1000000e-01   9.3000000e+00   6.0000000e+00   4.0000000e+00   1.7300000e+00   1.5682292e+00
   1.1500000e-01   9.3000000e+00   6.0000000e+00   4.0000000e+00   1.7300000e+00   1.5632005e+00
   1.2000000e-01   9.3000000e+00   6.0000000e+00   4.0000000e+00   1.7300000e+00   1.5583391e+00
   1.2500000e-01   9.3000000e+00   6.0000000e+00   4.0000000e+00   1.7300000e+00   1.5543958e+00
   1.3000000e-01   9.3000000e+00   6.0000000e+00   4.0000000e+00   1.7300000e+00   1.5499349e+00
   1.3500000e-01   9.3000000e+00   6.0000000e+00   4.0000000e+00   1.7300000e+00   1.5464520e+00
   1.4000000e-01   9.3000000e+00   6.0000000e+00   4.0000000e+00   1.7300000e+00   1.5427747e+00
   1.4500000e-01   9.3000000e+00   6.0000000e+00   4.0000000e+00   1.7300000e+00   1.5393002e+00
   1.5000000e-01   9.3000000e+00   6.0000000e+00   4.0000000e+00   1.7300000e+00   1.5365065e+00
   1.5500000e-01   9.3000000e+00   6.0000000e+00   4.0000000e+00   1.7300000e+00   1.5329903e+00
   1.6000000e-01   9.3000000e+00   6.0000000e+00   4.0000000e+00   1.7300000e+00   1.5308379e+00
   1.6500000e-01   9.3000000e+00   6.0000000e+00   4.0000000e+00   1.7300000e+00   1.5275038e+00
   1.7000000e-01   9.3000000e+00   6.0000000e+00   4.0000000e+00   1.7300000e+00   1.5256259e+00
   1.7500000e-01   9.3000000e+00   6.0000000e+00   4.0000000e+00   1.7300000e+00   1.5227056e+00
   1.8000000e-01   9.3000000e+00   6.0000000e+00   4.0000000e+00   1.7300000e+00   1.5208543e+00
   1.8500000e-01   9.3000000e+00   6.0000000e+00   4.0000000e+00   1.7300000e+00   1.5184178e+00
   1.9000000e-01   9.3000000e+00   6.0000000e+00   4.0000000e+00   1.7300000e+00   1.5165438e+00
   1.9500000e-01   9.3000000e+00   6.0000000e+00   4.0000000e+00   1.7300000e+00   1.5145071e+00
   2.0000000e-01   9.3000000e+00   6.0000000e+00   4.0000000e+00   1.7300000e+00   1.5126773e+00
   2.0500000e-01   9.3000000e+00   6.0000000e+00   4.0000000e+00   1.7300000e+00   1.5109153e+00
   2.1000000e-01   9.3000000e+00   6.0000000e+00   4.0000000e+00   1.7300000e+00   1.5091895e+00
   2.1500000e-01   9.3000000e+00   6.0000000e+00   4.0000000e+00   1.7300000e+00   1.5076329e+00
   2.2000000e-01   9.3000000e+00   6.0000000e+00   4.0000000e+00   1.7300000e+00   1.5060051e+00
   2.2500000e-01   9.3000000e+00   6.0000000e+00   4.0000000e+00   1.7300000e+00   1.5046532e+00
   2.3000000e-01   9.3000000e+00   6.0000000e+00   4.0000000e+00   1.7300000e+00   1.5030750e+00
   2.3500000e-01   9.3000000e+00   6.0000000e+00   4.0000000e+00   1.7300000e+00   1.5019461e+00
   2.4000000e-01   9.3000000e+00   6.0000000e+00   4.0000000e+00   1.7300000e+00   1.5003835e+00
   2.4500000e-01   9.3000000e+00   6.0000000e+00   4.0000000e+00   1.7300000e+00   1.4994624e+00
   2.5000000e-01   9.3000000e+00   6.0000000e+00   4.0000000e+00   1.7300000e+00   1.4979290e+00
   2.5500000e-01   9.3000000e+00   6.0000000e+00   4.0000000e+00   1.7300000e+00   1.4971551e+00
   2.6000000e-01   9.3000000e+00   6.0000000e+00   4.0000000e+00   1.7300000e+00   1.4957028e+00
   2.6500000e-01   9.3000000e+00   6.0000000e+00   4.0000000e+00   1.7300000e+00   1.4949957e+00
   2.7000000e-01   9.3000000e+00   6.0000000e+00   4.0000000e+00   1.7300000e+00   1.4936805e+00
   2.7500000e-01   9.3000000e+00   6.0000000e+00   4.0000000e+00   1.7300000e+00   1.4929751e+00
   2.8000000e-01   9.3000000e+00   6.0000000e+00   4.0000000e+00   1.7300000e+00   1.4918291e+00
   2.8500000e-01   9.3000000e+00   6.0000000e+00   4.0000000e+00   1.7300000e+00   1.4910940e+00
   2.9000000e-01   9.3000000e+00   6.0000000e+00   4.0000000e+00   1.7300000e+00   1.4901187e+00
   2.9500000e-01   9.3000000e+00   6.0000000e+00   4.0000000e+00   1.7300000e+00   1.4893517e+00
   3.0000000e-01   0.0000000e+00   6.0000000e+00   4.0000000e+00   1.7300000e+00   1.5491684e+00
   3.0500000e-01   0.0000000e+00   6.0000000e+00   4.0000000e+00   1.7300000e+00   1.7064269e+00
   3.1000000e-01   0.0000000e+00   6.0000000e+00   4.0000000e+00   1.7300000e+00   1.8817580e+00
   3.1500000e-01   0.0000000e+00   6.0000000e+00   4.0000000e+00   1.7300000e+00   2.0291895e+00
   3.2000000e-01   0.0000000e+00   6.0000000e+00   4.0000000e+00   1.7300000e+00   2.1457524e+00
   3.2500000e-01   0.0000000e+00   6.0000000e+00   4.0000000e+00   1.7300000e+00   2.2239851e+00
   3.3000000e-01   0.0000000e+00   6.0000000e+00   4.0000000e+00   1.7300000e+00   2.2678279e+00
   3.3500000e-01   0.0000000e+00   6.0000000e+00   4.0000000e+00   1.7300000e+00   2.2901811e+00
   3.4000000e-01   0.0000000e+00   6.0000000e+00   4.0000000e+00   1.7300000e+00   2.2971035e+00
   3.4500000e-01   0.0000000e+00   6.0000000e+00   4.0000000e+00   1.7300000e+00   2.3003843e+00
   3.5000000e-01   0.0000000e+00   6.0000000e+00   4.0000000e+00   1.7300000e+00   2.3001832e+00
   3.5500000e-01   0.0000000e+00   6.0000000e+00   4.0000000e+00   1.7300000e+00   2.3001037e+00
   3.6000000e-01   0.0000000e+00   6.0000000e+00   4.0000000e+00   1.7300000e+00   2.3003805e+00
   3.6500000e-01   0.0000000e+00   6.0000000e+00   4.0000000e+00   1.7300000e+00   2.2996301e+00
   3.7000000e-01   0.0000000e+00   6.0000000e+00   4.0000000e+00   1.7300000e+00   2.3003886e+00
   3.7500000e-01   0.0000000e+00   6.0000000e+00   4.0000000e+00   1.7300000e+00   2.2997239e+00
   3.8000000e-01   0.0000000e+00   6.0000000e+00   4.0000000e+00   1.7300000e+00   2.3001147e+00
   3.8500000e-01   0.0000000e+00   6.0000000e+00   4.0000000e+00   1.7300000e+00   2.3000620e+00
   3.9000000e-01   0.0000000e+00   6.0000000e+00   4.0000000e+00   1.7300000e+00   2.2997795e+00
   3.9500000e-01   0.0000000e+00   6.0000000e+00   4.0000000e+00   1.7300000e+00   2.3003000e+00
   4.0000000e-01   0.0000000e+00   6.0000000e+00   4.0000000e+00   1.7300000e+00   2.2996807e+00
   4.0500000e-01   0.0000000e+00   6.0000000e+00   4.0000000e+00   1.7300000e+00   2.3002567e+00
   4.1000000e-01   0.0000000e+00   6.0000000e+00   4.0000000e+00   1.7300000e+00   2.2998568e+00
   4.1500000e-01   0.0000000e+00   6.0000000e+00   4.0000000e+00   1.7300000e+00   2.3000040e+00
   4.2000000e-01   0.0000000e+00   6.0000000e+00   4.0000000e+00   1.7300000e+00   2.3001186e+00
   4.2500000e-01   0.0000000e+00   6.0000000e+00   4.0000000e+00   1.7300000e+00   2.2997785e+00
   4.3000000e-01   0.0000000e+00   6.0000000e+00   4.0000000e+00   1.7300000e+00   2.3002568e+00
   4.3500000e-01   0.0000000e+00   6.0000000e+00   4.0000000e+00   1.7300000e+00   2.2997471e+00
   4.4000000e-01   0.0000000e+00   6.0000000e+00   4.0000000e+00   1.7300000e+00   2.3002005e+00
   4.4500000e-01   0.0000000e+00   6.0000000e+00   4.0000000e+00   1.7300000e+00   2.2998772e+00
   4.5000000e-01   0.0000000e+00   6.0000000e+00   4.0000000e+00   1.7300000e+00   2.3000494e+00
   4.5500000e-01   0.0000000e+00   6.0000000e+00   4.0000000e+00   1.7300000e+00   2.3000157e+00
   4.6000000e-01   0.0000000e+00   6.0000000e+00   4.0000000e+00   1.7300000e+00   2.2999630e+00
   4.6500000e-01   0.0000000e+00   6.0000000e+00   4.0000000e+00   1.7300000e+00   2.3000393e+00
   4.7000000e-01   0.0000000e+00   6.0000000e+00   4.0000000e+00   1.7300000e+00   2.3000095e+00
   4.7500000e-01   0.0000000e+00   6.0000000e+00   4.0000000e+00   1.7300000e+00   2.2999454e+00
   4.8000000e-01   0.0000000e+00   6.0000000e+00   4.0000000e+00   1.7300000e+00   2.3001268e+00
   4.8500000e-01   0.0000000e+00   6.0000000e+00   4.0000000e+00   1.7300000e+00   2.2998346e+00
   4.9000000e-01   0.0000000e+00   6.0000000e+00   4.0000000e+00   1.7300000e+00   2.3002025e+00
   4.9500000e-01   0.0000000e+00   6.0000000e+00   4.0000000e+00   1.7300000e+00   2.2998078e+00
   5.0000000e-01   0.0000000e+00   6.0000000e+00   4.0000000e+00   1.7300000e+00   2.3001734e+00
