   0.0000000e+00   2.0000000e+00   6.1000000e+02   3.8000000e+01   1.7800000e+01   2.3000000e+00
   5.0000000e-03   2.0000000e+00   6.1000000e+02   3.8000000e+01   1.7800000e+01   2.2951086e+00
   1.0000000e-02   2.0000000e+00   6.1000000e+02   3.8000000e+01   1.7800000e+01   2.2862288e+00
   1.5000000e-02   2.0000000e+00   6.1000000e+02   3.8000000e+01   1.7800000e+01   2.2810306e+00
   2.0000000e-02   2.0000000e+00   6.1000000e+02   3.8000000e+01   1.7800000e+01   2.2788923e+00
   2.5000000e-02   2.0000000e+00   6.1000000e+02   3.8000000e+01   1.7800000e+01   2.2779774e+00
   3.0000000e-02   2.0000000e+00   6.1000000e+02   3.8000000e+01   1.7800000e+01   2.2780326e+00
   3.5000000e-02   2.0000000e+00   6.1000000e+02   3.8000000e+01   1.7800000e+01   2.2778376e+00
   4.0000000e-02   5.0596443e+00   6.1000000e+02   3.8000000e+01   1.7800000e+01   2.2646873e+00
   4.5000000e-02   5.3665631e+00   6.1000000e+02   3.8000000e+01   1.7800000e+01   2.2252837e+00
   5.0000000e-02   9.7979590e+00   6.1000000e+02   3.8000000e+01   1.7800000e+01   2.1394777e+00
   5.5000000e-02   9.6332757e+00   6.1000000e+02   3.8000000e+01   1.7800000e+01   1.9957272e+00
   6.0000000e-02   9.4657277e+00   6.1000000e+02   3.8000000e+01   1.7800000e+01   1.8636656e+00
   6.5000000e-02   9.2951600e+00   6.1000000e+02   3.8000000e+01   1.7800000e+01   1.7904399e+00
   7.0000000e-02   9.1214034e+00   6.1000000e+02   3.8000000e+01   1.7800000e+01   1.7373137e+00
   7.5000000e-02   8.9442719e+00   6.1000000e+02   3.8000000e+01   1.7800000e+01   1.7032282e+00
   8.0000000e-02   8.7635609e+00   6.1000000e+02   3.8000000e+01   1.7800000e+01   1.6805586e+00
   8.5000000e-02   8.5790442e+00   6.1000000e+02   3.8000000e+01   1.7800000e+01   1.6682922e+00
   9.0000000e-02   8.3904708e+00   6.1000000e+02   3.8000000e+01   1.7800000e+01   1.6653929e+00
   9.5000000e-02   8.1975606e+00   6.1000000e+02   3.8000000e+01   1.7800000e+01   1.6690309e+00
   1.0000000e-01   0.0000000e+00   6.1000000e+02   3.8000000e+01   1.7800000e+01   1.7270766e+00
   1.0500000e-01   0.0000000e+00   6.1000000e+02   3.8000000e+01   1.7800000e+01   1.8656827e+00
   1.1000000e-01   0.0000000e+00   6.1000000e+02   3.8000000e+01   1.7800000e+01   2.0159669e+00
   1.1500000e-01   0.0000000e+00   6.1000000e+02   3.8000000e+01   1.7800000e+01   2.1315767e+00
   1.2000000e-01   0.0000000e+00   6.1000000e+02   3.8000000e+01   1.7800000e+01   2.2130720e+00
   1.2500000e-01   0.0000000e+00   6.1000000e+02   3.8000000e+01   1.7800000e+01   2.2624427e+00
   1.3000000e-01   0.0000000e+00   6.1000000e+02   3.8000000e+01   1.7800000e+01   2.2861431e+00
   1.3500000e-01   0.0000000e+00   6.1000000e+02   3.8000000e+01   1.7800000e+01   2.2974816e+00
   1.4000000e-01   0.0000000e+00   6.1000000e+02   3.8000000e+01   1.7800000e+01   2.2996049e+00
   1.4500000e-01   0.0000000e+00   6.1000000e+02   3.8000000e+01   1.7800000e+01   2.3007689e+00
   1.5000000e-01   0.0000000e+00   6.1000000e+02   3.8000000e+01   1.7800000e+01   2.3004362e+00
   1.5500000e-01   0.0000000e+00   6.1000000e+02   3.8000000e+01   1.7800000e+01   2.2998831e+00
   1.6000000e-01   0.0000000e+00   6.1000000e+02   3.8000000e+01   1.7800000e+01   2.3004727e+00
   1.6500000e-01   0.0000000e+00   6.1000000e+02   3.8000000e+01   1.7800000e+01   2.2995600e+00
   1.7000000e-01   0.0000000e+00   6.1000000e+02   3.8000000e+01   1.7800000e+01   2.3003760e+00
   1.7500000e-01   0.0000000e+00   6.1000000e+02   3.8000000e+01   1.7800000e+01   2.2997798e+00
   1.8000000e-01   0.0000000e+00   6.1000000e+02   3.8000000e+01   1.7800000e+01   2.3000509e+00
   1.8500000e-01   0.0000000e+00   6.1000000e+02   3.8000000e+01   1.7800000e+01   2.3001107e+00
   1.9000000e-01   0.0000000e+00   6.1000000e+02   3.8000000e+01   1.7800000e+01   2.2997922e+00
   1.9500000e-01   0.0000000e+00   6.1000000e+02   3.8000000e+01   1.7800000e+01   2.3002354e+00
   2.0000000e-01   0.0000000e+00   6.1000000e+02   3.8000000e+01   1.7800000e+01   2.2998173e+00
   2.0500000e-01   0.0000000e+00   6.1000000e+02   3.8000000e+01   1.7800000e+01   2.3000896e+00
   2.1000000e-01   0.0000000e+00   6.1000000e+02   3.8000000e+01   1.7800000e+01   2.3000353e+00
   2.1500000e-01   0.0000000e+00   6.1000000e+02   3.8000000e+01   1.7800000e+01   2.2998611e+00
   2.2000000e-01   0.0000000e+00   6.1000000e+02   3.8000000e+01   1.7800000e+01   2.3002060e+00
   2.2500000e-01   0.0000000e+00   6.1000000e+02   3.8000000e+01   1.7800000e+01   2.2997835e+00
   2.3000000e-01   0.0000000e+00   6.1000000e+02   3.8000000e+01   1.7800000e+01   2.3001768e+00
   2.3500000e-01   0.0000000e+00   6.1000000e+02   3.8000000e+01   1.7800000e+01   2.2999080e+00
   2.4000000e-01   0.0000000e+00   6.1000000e+02   3.8000000e+01   1.7800000e+01   2.2999946e+00
   2.4500000e-01   0.0000000e+00   6.1000000e+02   3.8000000e+01   1.7800000e+01   2.3000977e+00
   2.5000000e-01   0.0000000e+00   6.1000000e+02   3.8000000e+01   1.7800000e+01   2.2998376e+00
   2.5500000e-01   0.0000000e+00   6.1000000e+02   3.8000000e+01   1.7800000e+01   2.3001879e+00
   2.6000000e-01   0.0000000e+00   6.1000000e+02   3.8000000e+01   1.7800000e+01   2.2998305e+00
   2.6500000e-01   0.0000000e+00   6.1000000e+02   3.8000000e+01   1.7800000e+01   2.3001256e+00
   2.7000000e-01   0.0000000e+00   6.1000000e+02   3.8000000e+01   1.7800000e+01   2.2999432e+00
   2.7500000e-01   0.0000000e+00   6.1000000e+02   3.8000000e+01   1.7800000e+01   2.2999954e+00
   2.8000000e-01   0.0000000e+00   6.1000000e+02   3.8000000e+01   1.7800000e+01   2.3000547e+00
   2.8500000e-01   0.0000000e+00   6.1000000e+02   3.8000000e+01   1.7800000e+01   2.2999218e+00
   2.9000000e-01   0.0000000e+00   6.1000000e+02   3.8000000e+01   1.7800000e+01   2.3000755e+00
   2.9500000e-01   0.0000000e+00   6.1000000e+02   3.8000000e+01   1.7800000e+01   2.2999492e+00
   3.0000000e-01   0.0000000e+00   6.1000000e+02   3.8000000e+01   1.7800000e+01   2.3000152e+00
   3.0500000e-01   0.0000000e+00   6.1000000e+02   3.8000000e+01   1.7800000e+01   2.3000210e+00
   3.1000000e-01   0.0000000e+00   6.1000000e+02   3.8000000e+01   1.7800000e+01   2.2999543e+00
   3.1500000e-01   0.0000000e+00   6.1000000e+02   3.8000000e+01   1.7800000e+01   2.3000534e+00
   3.2000000e-01   0.0000000e+00   6.1000000e+02   3.8000000e+01   1.7800000e+01   2.2999583e+00
   3.2500000e-01   0.0000000e+00   6.1000000e+02   3.8000000e+01   1.7800000e+01   2.3000153e+00
   3.3000000e-01   0.0000000e+00   6.1000000e+02   3.8000000e+01   1.7800000e+01   2.3000196e+00
   3.3500000e-01   0.0000000e+00   6.1000000e+02   3.8000000e+01   1.7800000e+01   2.2999467e+00
   3.4000000e-01   0.0000000e+00   6.1000000e+02   3.8000000e+01   1.7800000e+01   2.3000787e+00
   3.4500000e-01   0.0000000e+00   6.1000000e+02   3.8000000e+01   1.7800000e+01   2.2999110e+00
   3.5000000e-01   0.0000000e+00   6.1000000e+02   3.8000000e+01   1.7800000e+01   2.3000852e+00
   3.5500000e-01   0.0000000e+00   6.1000000e+02   3.8000000e+01   1.7800000e+01   2.2999346e+00
   3.6000000e-01   0.0000000e+00   6.1000000e+02   3.8000000e+01   1.7800000e+01   2.3000394e+00
   3.6500000e-01   0.0000000e+00   6.1000000e+02   3.8000000e+01   1.7800000e+01   2.2999908e+00
   3.7000000e-01   0.0000000e+00   6.1000000e+02   3.8000000e+01   1.7800000e+01   2.2999838e+00
   3.7500000e-01   0.0000000e+00   6.1000000e+02   3.8000000e+01   1.7800000e+01   2.3000334e+00
   3.8000000e-01   0.0000000e+00   6.1000000e+02   3.8000000e+01   1.7800000e+01   2.2999587e+00
   3.8500000e-01   0.0000000e+00   6.1000000e+02   3.8000000e+01   1.7800000e+01   2.3000391e+00
   3.9000000e-01   0.0000000e+00   6.1000000e+02   3.8000000e+01   1.7800000e+01   2.2999687e+00
   3.9500000e-01   0.0000000e+00   6.1000000e+02   3.8000000e+01   1.7800000e+01   2.3000208e+00
   4.0000000e-01   0.0000000e+00   6.1000000e+02   3.8000000e+01   1.7800000e+01   2.2999881e+00
   4.0500000e-01   0.0000000e+00   6.1000000e+02   3.8000000e+01   1.7800000e+01   2.3000078e+00
   4.1000000e-01   0.0000000e+00   6.1000000e+02   3.8000000e+01   1.7800000e+01   2.2999911e+00
   4.1500000e-01   0.0000000e+00   6.1000000e+02   3.8000000e+01   1.7800000e+01   2.3000157e+00
   4.2000000e-01   0.0000000e+00   6.1000000e+02   3.8000000e+01   1.7800000e+01   2.2999756e+00
   4.2500000e-01   0.0000000e+00   6.1000000e+02   3.8000000e+01   1.7800000e+01   2.3000341e+00
   4.3000000e-01   0.0000000e+00   6.1000000e+02   3.8000000e+01   1.7800000e+01   2.2999604e+00
   4.3500000e-01   0.0000000e+00   6.1000000e+02   3.8000000e+01   1.7800000e+01   2.3000411e+00
   4.4000000e-01   0.0000000e+00   6.1000000e+02   3.8000000e+01   1.7800000e+01   2.2999645e+00
   4.4500000e-01   0.0000000e+00   6.1000000e+02   3.8000000e+01   1.7800000e+01   2.3000252e+00
   4.5000000e-01   0.0000000e+00   6.1000000e+02   3.8000000e+01   1.7800000e+01   2.2999891e+00
   4.5500000e-01   0.0000000e+00   6.1000000e+02   3.8000000e+01   1.7800000e+01   2.2999949e+00
   4.6000000e-01   0.0000000e+00   6.1000000e+02   3.8000000e+01   1.7800000e+01   2.3000193e+00
   4.6500000e-01   0.0000000e+00   6.1000000e+02   3.8000000e+01   1.7800000e+01   2.2999686e+00
   4.7000000e-01   0.0000000e+00   6.1000000e+02   3.8000000e+01   1.7800000e+01   2.3000382e+00
   4.7500000e-01   0.0000000e+00   6.1000000e+02   3.8000000e+01   1.7800000e+01   2.2999586e+00
   4.8000000e-01   0.0000000e+00   6.1000000e+02   3.8000000e+01   1.7800000e+01   2.3000406e+00
   4.8500000e-01   0.0000000e+00   6.1000000e+02   3.8000000e+01   1.7800000e+01   2.2999627e+00
   4.9000000e-01   0.0000000e+00   6.1000000e+02   3.8000000e+01   1.7800000e+01   2.3000337e+00
   4.9500000e-01   0.0000000e+00   6.1000000e+02   3.8000000e+01   1.7800000e+01   2.2999705e+00
   5.0000000e-01   0.0000000e+00   6.1000000e+02   3.8000000e+01   1.7800000e+01   2.3000276e+00
