   0.0000000e+00   1.2000000e+01   6.1000000e+02   4.0000000e+01   1.8500000e+01   2.3000000e+00
   5.0000000e-03   1.1414753e+01   6.1000000e+02   4.0000000e+01   1.8500000e+01   2.1422181e+00
   1.0000000e-02   1.0858049e+01   6.1000000e+02   4.0000000e+01   1.8500000e+01   1.8652959e+00
   1.5000000e-02   1.0328496e+01   6.1000000e+02   4.0000000e+01   1.8500000e+01   1.7580403e+00
   2.0000000e-02   9.8247690e+00   6.1000000e+02   4.0000000e+01   1.8500000e+01   1.6764183e+00
   2.5000000e-02   9.3456094e+00   6.1000000e+02   4.0000000e+01   1.8500000e+01   1.6292693e+00
   3.0000000e-02   8.8898186e+00   6.1000000e+02   4.0000000e+01   1.8500000e+01   1.6084996e+00
   3.5000000e-02   8.4562571e+00   6.1000000e+02   4.0000000e+01   1.8500000e+01   1.5999143e+00
   4.0000000e-02   8.0438406e+00   6.1000000e+02   4.0000000e+01   1.8500000e+01   1.6111454e+00
   4.5000000e-02   7.6515378e+00   6.1000000e+02   4.0000000e+01   1.8500000e+01   1.6309915e+00
   5.0000000e-02   7.2783679e+00   6.1000000e+02   4.0000000e+01   1.8500000e+01   1.6623874e+00
   5.5000000e-02   6.9233977e+00   6.1000000e+02   4.0000000e+01   1.8500000e+01   1.7028187e+00
   6.0000000e-02   6.5857396e+00   6.1000000e+02   4.0000000e+01   1.8500000e+01   1.7473206e+00
   6.5000000e-02   6.2645493e+00   6.1000000e+02   4.0000000e+01   1.8500000e+01   1.7999549e+00
   7.0000000e-02   5.9590236e+00   6.1000000e+02   4.0000000e+01   1.8500000e+01   1.8506435e+00
   7.5000000e-02   5.6683986e+00   6.1000000e+02   4.0000000e+01   1.8500000e+01   1.9049497e+00
   8.0000000e-02   5.3919476e+00   6.1000000e+02   4.0000000e+01   1.8500000e+01   1.9545016e+00
   8.5000000e-02   5.1289792e+00   6.1000000e+02   4.0000000e+01   1.8500000e+01   2.0021383e+00
   9.0000000e-02   4.8788359e+00   6.1000000e+02   4.0000000e+01   1.8500000e+01   2.0442289e+00
   9.5000000e-02   4.6408923e+00   6.1000000e+02   4.0000000e+01   1.8500000e+01   2.0811602e+00
   1.0000000e-01   4.4145533e+00   6.1000000e+02   4.0000000e+01   1.8500000e+01   2.1128322e+00
   1.0500000e-01   4.1992530e+00   6.1000000e+02   4.0000000e+01   1.8500000e+01   2.1393282e+00
   1.1000000e-01   3.9944530e+00   6.1000000e+02   4.0000000e+01   1.8500000e+01   2.1612995e+00
   1.1500000e-01   3.7996412e+00   6.1000000e+02   4.0000000e+01   1.8500000e+01   2.1797722e+00
   1.2000000e-01   3.6143305e+00   6.1000000e+02   4.0000000e+01   1.8500000e+01   2.1947499e+00
   1.2500000e-01   3.4380576e+00   6.1000000e+02   4.0000000e+01   1.8500000e+01   2.2075902e+00
   1.3000000e-01   3.2703815e+00   6.1000000e+02   4.0000000e+01   1.8500000e+01   2.2183783e+00
   1.3500000e-01   3.1108831e+00   6.1000000e+02   4.0000000e+01   1.8500000e+01   2.2272317e+00
   1.4000000e-01   2.9591636e+00   6.1000000e+02   4.0000000e+01   1.8500000e+01   2.2357311e+00
   1.4500000e-01   2.8148435e+00   6.1000000e+02   4.0000000e+01   1.8500000e+01   2.2417713e+00
   1.5000000e-01   2.6775619e+00   6.1000000e+02   4.0000000e+01   1.8500000e+01   2.2488350e+00
   1.5500000e-01   2.5469757e+00   6.1000000e+02   4.0000000e+01   1.8500000e+01   2.2530676e+00
   1.6000000e-01   2.4227582e+00   6.1000000e+02   4.0000000e+01   1.8500000e+01   2.2588586e+00
   1.6500000e-01   2.3045989e+00   6.1000000e+02   4.0000000e+01   1.8500000e+01   2.2621136e+00
   1.7000000e-01   2.1922023e+00   6.1000000e+02   4.0000000e+01   1.8500000e+01   2.2666114e+00
   1.7500000e-01   2.0852873e+00   6.1000000e+02   4.0000000e+01   1.8500000e+01   2.2694080e+00
   1.8000000e-01   1.9835867e+00   6.1000000e+02   4.0000000e+01   1.8500000e+01   2.2727340e+00
   1.8500000e-01   1.8868460e+00   6.1000000e+02   4.0000000e+01   1.8500000e+01   2.2752552e+00
   1.9000000e-01   1.7948234e+00   6.1000000e+02   4.0000000e+01   1.8500000e+01   2.2776873e+00
   1.9500000e-01   1.7072889e+00   6.1000000e+02   4.0000000e+01   1.8500000e+01   2.2799286e+00
   2.0000000e-01   1.6240234e+00   6.1000000e+02   4.0000000e+01   1.8500000e+01   2.2817382e+00
   2.0500000e-01   1.5448188e+00   6.1000000e+02   4.0000000e+01   1.8500000e+01   2.2837024e+00
   2.1000000e-01   1.4694771e+00   6.1000000e+02   4.0000000e+01   1.8500000e+01   2.2850289e+00
   2.1500000e-01   1.3978099e+00   6.1000000e+02   4.0000000e+01   1.8500000e+01   2.2868067e+00
   2.2000000e-01   1.3296379e+00   6.1000000e+02   4.0000000e+01   1.8500000e+01   2.2876761e+00
   2.2500000e-01   1.2647907e+00   6.1000000e+02   4.0000000e+01   1.8500000e+01   2.2893786e+00
   2.3000000e-01   1.2031061e+00   6.1000000e+02   4.0000000e+01   1.8500000e+01   2.2898190e+00
   2.3500000e-01   1.1444299e+00   6.1000000e+02   4.0000000e+01   1.8500000e+01   2.2914700e+00
   2.4000000e-01   1.0886154e+00   6.1000000e+02   4.0000000e+01   1.8500000e+01   2.2916012e+00
   2.4500000e-01   1.0355230e+00   6.1000000e+02   4.0000000e+01   1.8500000e+01   2.2931054e+00
   2.5000000e-01   9.8501998e-01   6.1000000e+02   4.0000000e+01   1.8500000e+01   2.2931256e+00
   2.5500000e-01   9.3697999e-01   6.1000000e+02   4.0000000e+01   1.8500000e+01   2.2943401e+00
   2.6000000e-01   8.9128294e-01   6.1000000e+02   4.0000000e+01   1.8500000e+01   2.2944368e+00
   2.6500000e-01   8.4781456e-01   6.1000000e+02   4.0000000e+01   1.8500000e+01   2.2952731e+00
   2.7000000e-01   8.0646615e-01   6.1000000e+02   4.0000000e+01   1.8500000e+01   2.2955426e+00
   2.7500000e-01   7.6713433e-01   6.1000000e+02   4.0000000e+01   1.8500000e+01   2.2960137e+00
   2.8000000e-01   7.2972075e-01   6.1000000e+02   4.0000000e+01   1.8500000e+01   2.2964481e+00
   2.8500000e-01   6.9413185e-01   6.1000000e+02   4.0000000e+01   1.8500000e+01   2.2966381e+00
   2.9000000e-01   6.6027864e-01   6.1000000e+02   4.0000000e+01   1.8500000e+01   2.2971748e+00
   2.9500000e-01   6.2807647e-01   6.1000000e+02   4.0000000e+01   1.8500000e+01   2.2971772e+00
   3.0000000e-01   5.9744482e-01   6.1000000e+02   4.0000000e+01   1.8500000e+01   2.2977564e+00
   3.0500000e-01   5.6830709e-01   6.1000000e+02   4.0000000e+01   1.8500000e+01   2.2976373e+00
   3.1000000e-01   5.4059043e-01   6.1000000e+02   4.0000000e+01   1.8500000e+01   2.2982212e+00
   3.1500000e-01   5.1422552e-01   6.1000000e+02   4.0000000e+01   1.8500000e+01   2.2980269e+00
   3.2000000e-01   4.8914645e-01   6.1000000e+02   4.0000000e+01   1.8500000e+01   2.2985817e+00
   3.2500000e-01   4.6529049e-01   6.1000000e+02   4.0000000e+01   1.8500000e+01   2.2983654e+00
   3.3000000e-01   4.4259801e-01   6.1000000e+02   4.0000000e+01   1.8500000e+01   2.2988410e+00
   3.3500000e-01   4.2101225e-01   6.1000000e+02   4.0000000e+01   1.8500000e+01   2.2986739e+00
   3.4000000e-01   4.0047924e-01   6.1000000e+02   4.0000000e+01   1.8500000e+01   2.2990099e+00
   3.4500000e-01   3.8094764e-01   6.1000000e+02   4.0000000e+01   1.8500000e+01   2.2989617e+00
   3.5000000e-01   3.6236860e-01   6.1000000e+02   4.0000000e+01   1.8500000e+01   2.2991153e+00
   3.5500000e-01   3.4469568e-01   6.1000000e+02   4.0000000e+01   1.8500000e+01   2.2992220e+00
   3.6000000e-01   3.2788467e-01   6.1000000e+02   4.0000000e+01   1.8500000e+01   2.2991940e+00
   3.6500000e-01   3.1189355e-01   6.1000000e+02   4.0000000e+01   1.8500000e+01   2.2994391e+00
   3.7000000e-01   2.9668232e-01   6.1000000e+02   4.0000000e+01   1.8500000e+01   2.2992763e+00
   3.7500000e-01   2.8221295e-01   6.1000000e+02   4.0000000e+01   1.8500000e+01   2.2995998e+00
   3.8000000e-01   2.6844926e-01   6.1000000e+02   4.0000000e+01   1.8500000e+01   2.2993749e+00
   3.8500000e-01   2.5535684e-01   6.1000000e+02   4.0000000e+01   1.8500000e+01   2.2997011e+00
   3.9000000e-01   2.4290294e-01   6.1000000e+02   4.0000000e+01   1.8500000e+01   2.2994877e+00
   3.9500000e-01   2.3105642e-01   6.1000000e+02   4.0000000e+01   1.8500000e+01   2.2997496e+00
   4.0000000e-01   2.1978767e-01   6.1000000e+02   4.0000000e+01   1.8500000e+01   2.2996068e+00
   4.0500000e-01   2.0906850e-01   6.1000000e+02   4.0000000e+01   1.8500000e+01   2.2997571e+00
   4.1000000e-01   1.9887210e-01   6.1000000e+02   4.0000000e+01   1.8500000e+01   2.2997272e+00
   4.1500000e-01   1.8917300e-01   6.1000000e+02   4.0000000e+01   1.8500000e+01   2.2997366e+00
   4.2000000e-01   1.7994692e-01   6.1000000e+02   4.0000000e+01   1.8500000e+01   2.2998469e+00
   4.2500000e-01   1.7117081e-01   6.1000000e+02   4.0000000e+01   1.8500000e+01   2.2997013e+00
   4.3000000e-01   1.6282271e-01   6.1000000e+02   4.0000000e+01   1.8500000e+01   2.2999623e+00
   4.3500000e-01   1.5488175e-01   6.1000000e+02   4.0000000e+01   1.8500000e+01   2.2996657e+00
   4.4000000e-01   1.4732808e-01   6.1000000e+02   4.0000000e+01   1.8500000e+01   2.3000642e+00
   4.4500000e-01   1.4014280e-01   6.1000000e+02   4.0000000e+01   1.8500000e+01   2.2996440e+00
   4.5000000e-01   1.3330796e-01   6.1000000e+02   4.0000000e+01   1.8500000e+01   2.3001387e+00
   4.5500000e-01   1.2680645e-01   6.1000000e+02   4.0000000e+01   1.8500000e+01   2.2996468e+00
   4.6000000e-01   1.2062203e-01   6.1000000e+02   4.0000000e+01   1.8500000e+01   2.3001730e+00
   4.6500000e-01   1.1473922e-01   6.1000000e+02   4.0000000e+01   1.8500000e+01   2.2996777e+00
   4.7000000e-01   1.0914333e-01   6.1000000e+02   4.0000000e+01   1.8500000e+01   2.3001619e+00
   4.7500000e-01   1.0382034e-01   6.1000000e+02   4.0000000e+01   1.8500000e+01   2.2997338e+00
   4.8000000e-01   9.8756965e-02   6.1000000e+02   4.0000000e+01   1.8500000e+01   2.3001107e+00
   4.8500000e-01   9.3940531e-02   6.1000000e+02   4.0000000e+01   1.8500000e+01   2.2998086e+00
   4.9000000e-01   8.9358997e-02   6.1000000e+02   4.0000000e+01   1.8500000e+01   2.3000330e+00
   4.9500000e-01   8.5000907e-02   6.1000000e+02   4.0000000e+01   1.8500000e+01   2.2998947e+00
   5.0000000e-01   8.0855364e-02   6.1000000e+02   4.0000000e+01   1.8500000e+01   2.2999463e+00
