   0.0000000e+00   1.0000000e+01   6.1000000e+02   4.4000000e+01   1.7300000e+01   2.3000000e+00
   5.0000000e-03   9.9211470e+00   6.1000000e+02   4.4000000e+01   1.7300000e+01   2.1921876e+00
   1.0000000e-02   9.6858316e+00   6.1000000e+02   4.4000000e+01   1.7300000e+01   2.0040194e+00
   1.5000000e-02   9.2977649e+00   6.1000000e+02   4.4000000e+01   1.7300000e+01   1.9138825e+00
   2.0000000e-02   8.7630668e+00   6.1000000e+02   4.4000000e+01   1.7300000e+01   1.8558496e+00
   2.5000000e-02   8.0901699e+00   6.1000000e+02   4.4000000e+01   1.7300000e+01   1.8246954e+00
   3.0000000e-02   7.2896863e+00   6.1000000e+02   4.4000000e+01   1.7300000e+01   1.8268356e+00
   3.5000000e-02   6.3742399e+00   6.1000000e+02   4.4000000e+01   1.7300000e+01   1.8442412e+00
   4.0000000e-02   5.3582679e+00   6.1000000e+02   4.4000000e+01   1.7300000e+01   1.8884941e+00
   4.5000000e-02   4.2577929e+00   6.1000000e+02   4.4000000e+01   1.7300000e+01   1.9441123e+00
   5.0000000e-02   3.0901699e+00   6.1000000e+02   4.4000000e+01   1.7300000e+01   2.0110939e+00
   5.5000000e-02   1.8738131e+00   6.1000000e+02   4.4000000e+01   1.7300000e+01   2.0822053e+00
   6.0000000e-02   6.2790520e-01   6.1000000e+02   4.4000000e+01   1.7300000e+01   2.1453279e+00
   6.5000000e-02   6.2790520e-01   6.1000000e+02   4.4000000e+01   1.7300000e+01   2.2005689e+00
   7.0000000e-02   1.8738131e+00   6.1000000e+02   4.4000000e+01   1.7300000e+01   2.2349665e+00
   7.5000000e-02   3.0901699e+00   6.1000000e+02   4.4000000e+01   1.7300000e+01   2.2523375e+00
   8.0000000e-02   4.2577929e+00   6.1000000e+02   4.4000000e+01   1.7300000e+01   2.2487305e+00
   8.5000000e-02   5.3582679e+00   6.1000000e+02   4.4000000e+01   1.7300000e+01   2.2266971e+00
   9.0000000e-02   6.3742399e+00   6.1000000e+02   4.4000000e+01   1.7300000e+01   2.1906535e+00
   9.5000000e-02   7.2896863e+00   6.1000000e+02   4.4000000e+01   1.7300000e+01   2.1399091e+00
   1.0000000e-01   8.0901699e+00   6.1000000e+02   4.4000000e+01   1.7300000e+01   2.0814372e+00
   1.0500000e-01   8.7630668e+00   6.1000000e+02   4.4000000e+01   1.7300000e+01   2.0144119e+00
   1.1000000e-01   9.2977649e+00   6.1000000e+02   4.4000000e+01   1.7300000e+01   1.9440594e+00
   1.1500000e-01   9.6858316e+00   6.1000000e+02   4.4000000e+01   1.7300000e+01   1.8724797e+00
   1.2000000e-01   9.9211470e+00   6.1000000e+02   4.4000000e+01   1.7300000e+01   1.8022000e+00
   1.2500000e-01   1.0000000e+01   6.1000000e+02   4.4000000e+01   1.7300000e+01   1.7376769e+00
   1.3000000e-01   9.9211470e+00   6.1000000e+02   4.4000000e+01   1.7300000e+01   1.6805246e+00
   1.3500000e-01   9.6858316e+00   6.1000000e+02   4.4000000e+01   1.7300000e+01   1.6347012e+00
   1.4000000e-01   9.2977649e+00   6.1000000e+02   4.4000000e+01   1.7300000e+01   1.6030357e+00
   1.4500000e-01   8.7630668e+00   6.1000000e+02   4.4000000e+01   1.7300000e+01   1.5867157e+00
   1.5000000e-01   8.0901699e+00   6.1000000e+02   4.4000000e+01   1.7300000e+01   1.5901833e+00
   1.5500000e-01   7.2896863e+00   6.1000000e+02   4.4000000e+01   1.7300000e+01   1.6114210e+00
   1.6000000e-01   6.3742399e+00   6.1000000e+02   4.4000000e+01   1.7300000e+01   1.6547377e+00
   1.6500000e-01   5.3582679e+00   6.1000000e+02   4.4000000e+01   1.7300000e+01   1.7151583e+00
   1.7000000e-01   4.2577929e+00   6.1000000e+02   4.4000000e+01   1.7300000e+01   1.7937781e+00
   1.7500000e-01   3.0901699e+00   6.1000000e+02   4.4000000e+01   1.7300000e+01   1.8821012e+00
   1.8000000e-01   1.8738131e+00   6.1000000e+02   4.4000000e+01   1.7300000e+01   1.9759129e+00
   1.8500000e-01   6.2790520e-01   6.1000000e+02   4.4000000e+01   1.7300000e+01   2.0638617e+00
   1.9000000e-01   6.2790520e-01   6.1000000e+02   4.4000000e+01   1.7300000e+01   2.1394369e+00
   1.9500000e-01   1.8738131e+00   6.1000000e+02   4.4000000e+01   1.7300000e+01   2.1938156e+00
   2.0000000e-01   3.0901699e+00   6.1000000e+02   4.4000000e+01   1.7300000e+01   2.2250526e+00
   2.0500000e-01   4.2577929e+00   6.1000000e+02   4.4000000e+01   1.7300000e+01   2.2314840e+00
   2.1000000e-01   5.3582679e+00   6.1000000e+02   4.4000000e+01   1.7300000e+01   2.2167382e+00
   2.1500000e-01   6.3742399e+00   6.1000000e+02   4.4000000e+01   1.7300000e+01   2.1835400e+00
   2.2000000e-01   7.2896863e+00   6.1000000e+02   4.4000000e+01   1.7300000e+01   2.1362420e+00
   2.2500000e-01   8.0901699e+00   6.1000000e+02   4.4000000e+01   1.7300000e+01   2.0782624e+00
   2.3000000e-01   8.7630668e+00   6.1000000e+02   4.4000000e+01   1.7300000e+01   2.0124463e+00
   2.3500000e-01   9.2977649e+00   6.1000000e+02   4.4000000e+01   1.7300000e+01   1.9427499e+00
   2.4000000e-01   9.6858316e+00   6.1000000e+02   4.4000000e+01   1.7300000e+01   1.8708667e+00
   2.4500000e-01   9.9211470e+00   6.1000000e+02   4.4000000e+01   1.7300000e+01   1.8017545e+00
   2.5000000e-01   1.0000000e+01   6.1000000e+02   4.4000000e+01   1.7300000e+01   1.7362995e+00
   2.5500000e-01   9.9211470e+00   6.1000000e+02   4.4000000e+01   1.7300000e+01   1.6802583e+00
   2.6000000e-01   9.6858316e+00   6.1000000e+02   4.4000000e+01   1.7300000e+01   1.6337068e+00
   2.6500000e-01   9.2977649e+00   6.1000000e+02   4.4000000e+01   1.7300000e+01   1.6026196e+00
   2.7000000e-01   8.7630668e+00   6.1000000e+02   4.4000000e+01   1.7300000e+01   1.5860882e+00
   2.7500000e-01   8.0901699e+00   6.1000000e+02   4.4000000e+01   1.7300000e+01   1.5896260e+00
   2.8000000e-01   7.2896863e+00   6.1000000e+02   4.4000000e+01   1.7300000e+01   1.6109698e+00
   2.8500000e-01   6.3742399e+00   6.1000000e+02   4.4000000e+01   1.7300000e+01   1.6542176e+00
   2.9000000e-01   5.3582679e+00   6.1000000e+02   4.4000000e+01   1.7300000e+01   1.7147037e+00
   2.9500000e-01   4.2577929e+00   6.1000000e+02   4.4000000e+01   1.7300000e+01   1.7934577e+00
   3.0000000e-01   3.0901699e+00   6.1000000e+02   4.4000000e+01   1.7300000e+01   1.8816093e+00
   3.0500000e-01   1.8738131e+00   6.1000000e+02   4.4000000e+01   1.7300000e+01   1.9758448e+00
   3.1000000e-01   6.2790520e-01   6.1000000e+02   4.4000000e+01   1.7300000e+01   2.0634237e+00
   3.1500000e-01   6.2790520e-01   6.1000000e+02   4.4000000e+01   1.7300000e+01   2.1395590e+00
   3.2000000e-01   1.8738131e+00   6.1000000e+02   4.4000000e+01   1.7300000e+01   2.1935288e+00
   3.2500000e-01   3.0901699e+00   6.1000000e+02   4.4000000e+01   1.7300000e+01   2.2252407e+00
   3.3000000e-01   4.2577929e+00   6.1000000e+02   4.4000000e+01   1.7300000e+01   2.2313543e+00
   3.3500000e-01   5.3582679e+00   6.1000000e+02   4.4000000e+01   1.7300000e+01   2.2168975e+00
   3.4000000e-01   6.3742399e+00   6.1000000e+02   4.4000000e+01   1.7300000e+01   2.1834977e+00
   3.4500000e-01   7.2896863e+00   6.1000000e+02   4.4000000e+01   1.7300000e+01   2.1363508e+00
   3.5000000e-01   8.0901699e+00   6.1000000e+02   4.4000000e+01   1.7300000e+01   2.0782266e+00
   3.5500000e-01   8.7630668e+00   6.1000000e+02   4.4000000e+01   1.7300000e+01   2.0125156e+00
   3.6000000e-01   9.2977649e+00   6.1000000e+02   4.4000000e+01   1.7300000e+01   1.9426703e+00
   3.6500000e-01   9.6858316e+00   6.1000000e+02   4.4000000e+01   1.7300000e+01   1.8708837e+00
   3.7000000e-01   9.9211470e+00   6.1000000e+02   4.4000000e+01   1.7300000e+01   1.8016205e+00
   3.7500000e-01   1.0000000e+01   6.1000000e+02   4.4000000e+01   1.7300000e+01   1.7362153e+00
   3.8000000e-01   9.9211470e+00   6.1000000e+02   4.4000000e+01   1.7300000e+01   1.6800815e+00
   3.8500000e-01   9.6858316e+00   6.1000000e+02   4.4000000e+01   1.7300000e+01   1.6334606e+00
   3.9000000e-01   9.2977649e+00   6.1000000e+02   4.4000000e+01   1.7300000e+01   1.6024159e+00
   3.9500000e-01   8.7630668e+00   6.1000000e+02   4.4000000e+01   1.7300000e+01   1.5856448e+00
   4.0000000e-01   8.0901699e+00   6.1000000e+02   4.4000000e+01   1.7300000e+01   1.5894244e+00
   4.0500000e-01   7.2896863e+00   6.1000000e+02   4.4000000e+01   1.7300000e+01   1.6103561e+00
   4.1000000e-01   6.3742399e+00   6.1000000e+02   4.4000000e+01   1.7300000e+01   1.6540880e+00
   4.1500000e-01   5.3582679e+00   6.1000000e+02   4.4000000e+01   1.7300000e+01   1.7140185e+00
   4.2000000e-01   4.2577929e+00   6.1000000e+02   4.4000000e+01   1.7300000e+01   1.7935261e+00
   4.2500000e-01   3.0901699e+00   6.1000000e+02   4.4000000e+01   1.7300000e+01   1.8809849e+00
   4.3000000e-01   1.8738131e+00   6.1000000e+02   4.4000000e+01   1.7300000e+01   1.9762530e+00
   4.3500000e-01   6.2790520e-01   6.1000000e+02   4.4000000e+01   1.7300000e+01   2.0629734e+00
   4.4000000e-01   6.2790520e-01   6.1000000e+02   4.4000000e+01   1.7300000e+01   2.1403427e+00
   4.4500000e-01   1.8738131e+00   6.1000000e+02   4.4000000e+01   1.7300000e+01   2.1932930e+00
   4.5000000e-01   3.0901699e+00   6.1000000e+02   4.4000000e+01   1.7300000e+01   2.2262367e+00
   4.5500000e-01   4.2577929e+00   6.1000000e+02   4.4000000e+01   1.7300000e+01   2.2312783e+00
   4.6000000e-01   5.3582679e+00   6.1000000e+02   4.4000000e+01   1.7300000e+01   2.2178335e+00
   4.6500000e-01   6.3742399e+00   6.1000000e+02   4.4000000e+01   1.7300000e+01   2.1834851e+00
   4.7000000e-01   7.2896863e+00   6.1000000e+02   4.4000000e+01   1.7300000e+01   2.1370109e+00
   4.7500000e-01   8.0901699e+00   6.1000000e+02   4.4000000e+01   1.7300000e+01   2.0781951e+00
   4.8000000e-01   8.7630668e+00   6.1000000e+02   4.4000000e+01   1.7300000e+01   2.0127741e+00
   4.8500000e-01   9.2977649e+00   6.1000000e+02   4.4000000e+01   1.7300000e+01   1.9425510e+00
   4.9000000e-01   9.6858316e+00   6.1000000e+02   4.4000000e+01   1.7300000e+01   1.8706474e+00
   4.9500000e-01   9.9211470e+00   6.1000000e+02   4.4000000e+01   1.7300000e+01   1.8013377e+00
   5.0000000e-01   1.0000000e+01   6.1000000e+02   4.4000000e+01   1.7300000e+01   1.7353746e+00
